20 20 20 20 20 20 20 20 20 20 20 20 20 20 20 20 20 20 20 20 20 20 20 20 20 20 20 20 20 20 20 20 20 20 20 20 20 20 20 20 20 20 20 20 20 20 20 20 20 20 20 
20 20.1127 20.2258 20.3395 20.454 20.5695 20.6863 20.8042 20.9233 21.0433 21.1638 21.2844 21.4045 21.5231 21.6394 21.7522 21.8603 21.9623 22.0569 22.1425 22.2178 22.2815 22.3324 22.3694 22.392 22.3996 22.392 22.3694 22.3324 22.2815 22.2178 22.1425 22.0569 21.9623 21.8603 21.7522 21.6394 21.5231 21.4045 21.2844 21.1638 21.0433 20.9233 20.8042 20.6863 20.5695 20.454 20.3395 20.2258 20.1127 20 
20 20.2258 20.4522 20.6799 20.9094 21.1409 21.375 21.6115 21.8503 22.0911 22.3332 22.5755 22.8168 23.0555 23.2895 23.5167 23.7345 23.9402 24.1309 24.3037 24.4558 24.5845 24.6873 24.7623 24.8079 24.8232 24.8079 24.7623 24.6873 24.5845 24.4558 24.3037 24.1309 23.9402 23.7345 23.5167 23.2895 23.0555 22.8168 22.5755 22.3332 22.0911 21.8503 21.6115 21.375 21.1409 20.9094 20.6799 20.4522 20.2258 20 
20 20.3395 20.6799 21.0223 21.3674 21.7159 22.0683 22.4246 22.7847 23.148 23.5135 23.8797 24.2447 24.606 24.9608 25.3054 25.6362 25.9489 26.2391 26.5024 26.7342 26.9305 27.0875 27.202 27.2717 27.2951 27.2717 27.202 27.0875 26.9305 26.7342 26.5024 26.2391 25.9489 25.6362 25.3054 24.9608 24.606 24.2447 23.8797 23.5135 23.148 22.7847 22.4246 22.0683 21.7159 21.3674 21.0223 20.6799 20.3395 20 
20 20.454 20.9094 21.3674 21.8294 22.2961 22.7683 23.2463 23.7297 24.2179 24.7097 25.2031 25.6955 26.1836 26.6634 27.1303 27.5791 28.0039 28.3987 28.7574 29.0736 29.3416 29.5562 29.7128 29.8081 29.8402 29.8081 29.7128 29.5562 29.3416 29.0736 28.7574 28.3987 28.0039 27.5791 27.1303 26.6634 26.1836 25.6955 25.2031 24.7097 24.2179 23.7297 23.2463 22.7683 22.2961 21.8294 21.3674 20.9094 20.454 20 
20 20.5695 21.1409 21.7159 22.2961 22.8828 23.4768 24.0787 24.6882 25.3047 25.9265 26.5513 27.1759 27.7962 28.4072 29.0027 29.5763 30.1202 30.6268 31.0876 31.4947 31.8401 32.117 32.3193 32.4426 32.484 32.4426 32.3193 32.117 31.8401 31.4947 31.0876 30.6268 30.1202 29.5763 29.0027 28.4072 27.7962 27.1759 26.5513 25.9265 25.3047 24.6882 24.0787 23.4768 22.8828 22.2961 21.7159 21.1409 20.5695 20 
20 20.6863 21.375 22.0683 22.7683 23.4768 24.195 24.9236 25.6626 26.4111 27.1676 27.9292 28.6921 29.4515 30.201 30.9335 31.6406 32.3128 32.9402 33.5122 34.0186 34.449 34.7946 35.0474 35.2015 35.2533 35.2015 35.0474 34.7946 34.449 34.0186 33.5122 32.9402 32.3128 31.6406 30.9335 30.201 29.4515 28.6921 27.9292 27.1676 26.4111 25.6626 24.9236 24.195 23.4768 22.7683 22.0683 21.375 20.6863 20 
20 20.8042 21.6115 22.4246 23.2463 24.0787 24.9236 25.782 26.6542 27.5394 28.4359 29.3406 30.2491 31.1558 32.0532 32.9327 33.7841 34.5959 35.3557 36.0505 36.6669 37.1922 37.6146 37.9242 38.1131 38.1766 38.1131 37.9242 37.6146 37.1922 36.6669 36.0505 35.3557 34.5959 33.7841 32.9327 32.0532 31.1558 30.2491 29.3406 28.4359 27.5394 26.6542 25.782 24.9236 24.0787 23.2463 22.4246 21.6115 20.8042 20 
20 20.9233 21.8503 22.7847 23.7297 24.6882 25.6626 26.6542 27.6637 28.6907 29.7332 30.7882 31.8508 32.9144 33.9706 35.0092 36.0181 36.9834 37.89 38.7217 39.4619 40.0945 40.6044 40.9787 41.2075 41.2845 41.2075 40.9787 40.6044 40.0945 39.4619 38.7217 37.89 36.9834 36.0181 35.0092 33.9706 32.9144 31.8508 30.7882 29.7332 28.6907 27.6637 26.6542 25.6626 24.6882 23.7297 22.7847 21.8503 20.9233 20 
20 21.0433 22.0911 23.148 24.2179 25.3047 26.4111 27.5394 28.6907 29.8647 31.06 32.2732 33.4993 34.7309 35.9586 37.1705 38.3526 39.4882 40.5592 41.5455 42.4267 43.1823 43.7931 44.2426 44.5177 44.6104 44.5177 44.2426 43.7931 43.1823 42.4267 41.5455 40.5592 39.4882 38.3526 37.1705 35.9586 34.7309 33.4993 32.2732 31.06 29.8647 28.6907 27.5394 26.4111 25.3047 24.2179 23.148 22.0911 21.0433 20 
20 21.1638 22.3332 23.5135 24.7097 25.9265 27.1676 28.4359 29.7332 31.06 32.415 33.7951 35.1951 36.607 38.0206 39.4224 40.796 42.1221 43.3786 44.5415 45.585 46.4834 47.2124 47.7503 48.0803 48.1915 48.0803 47.7503 47.2124 46.4834 45.585 44.5415 43.3786 42.1221 40.796 39.4224 38.0206 36.607 35.1951 33.7951 32.415 31.06 29.7332 28.4359 27.1676 25.9265 24.7097 23.5135 22.3332 21.1638 20 
20 21.2844 22.5755 23.8797 25.2031 26.5513 27.9292 29.3406 30.7882 32.2732 33.7951 35.3512 36.9361 38.542 40.1576 41.7679 43.3545 44.8949 46.3628 47.7288 48.9614 50.028 50.8971 51.5407 51.9365 52.0701 51.9365 51.5407 50.8971 50.028 48.9614 47.7288 46.3628 44.8949 43.3545 41.7679 40.1576 38.542 36.9361 35.3512 33.7951 32.2732 30.7882 29.3406 27.9292 26.5513 25.2031 23.8797 22.5755 21.2844 20 
20 21.4045 22.8168 24.2447 25.6955 27.1759 28.6921 30.2491 31.8508 33.4993 35.1951 36.9361 38.7178 40.5321 42.3673 44.2074 46.0316 47.8141 49.5242 51.1264 52.5814 53.8482 54.8861 55.6581 56.1344 56.2954 56.1344 55.6581 54.8861 53.8482 52.5814 51.1264 49.5242 47.8141 46.0316 44.2074 42.3673 40.5321 38.7178 36.9361 35.1951 33.4993 31.8508 30.2491 28.6921 27.1759 25.6955 24.2447 22.8168 21.4045 20 
20 21.5231 23.0555 24.606 26.1836 27.7962 29.4515 31.1558 32.9144 34.7309 36.607 38.542 40.5321 42.5699 44.6437 46.7368 48.8265 50.8839 52.8731 54.7516 56.4711 57.9794 59.2235 60.154 60.7303 60.9256 60.7303 60.154 59.2235 57.9794 56.4711 54.7516 52.8731 50.8839 48.8265 46.7368 44.6437 42.5699 40.5321 38.542 36.607 34.7309 32.9144 31.1558 29.4515 27.7962 26.1836 24.606 23.0555 21.5231 20 
20 21.6394 23.2895 24.9608 26.6634 28.4072 30.201 32.0532 33.9706 35.9586 38.0206 40.1576 42.3673 44.6437 46.9759 49.347 51.7334 54.1032 56.4153 58.6195 60.6564 62.4596 63.9595 65.0893 65.7927 66.0316 65.7927 65.0893 63.9595 62.4596 60.6564 58.6195 56.4153 54.1032 51.7334 49.347 46.9759 44.6437 42.3673 40.1576 38.0206 35.9586 33.9706 32.0532 30.201 28.4072 26.6634 24.9608 23.2895 21.6394 20 
20 21.7522 23.5167 25.3054 27.1303 29.0027 30.9335 32.9327 35.0092 37.1705 39.4224 41.7679 44.2074 46.7368 49.347 52.0225 54.7395 57.4641 60.1507 62.7408 65.1619 67.3298 69.1524 70.5379 71.4063 71.7023 71.4063 70.5379 69.1524 67.3298 65.1619 62.7408 60.1507 57.4641 54.7395 52.0225 49.347 46.7368 44.2074 41.7679 39.4224 37.1705 35.0092 32.9327 30.9335 29.0027 27.1303 25.3054 23.5167 21.7522 20 
20 21.8603 23.7345 25.6362 27.5791 29.5763 31.6406 33.7841 36.0181 38.3526 40.796 43.3545 46.0316 48.8265 51.7334 54.7395 57.8226 60.949 64.0697 67.1184 70.0084 72.6331 74.8701 76.591 77.6795 78.0524 77.6795 76.591 74.8701 72.6331 70.0084 67.1184 64.0697 60.949 57.8226 54.7395 51.7334 48.8265 46.0316 43.3545 40.796 38.3526 36.0181 33.7841 31.6406 29.5763 27.5791 25.6362 23.7345 21.8603 20 
20 21.9623 23.9402 25.9489 28.0039 30.1202 32.3128 34.5959 36.9834 39.4882 42.1221 44.8949 47.8141 50.8839 54.1032 57.4641 60.949 64.5269 68.1489 71.743 75.2082 78.4119 81.1909 83.3635 84.7547 85.2344 84.7547 83.3635 81.1909 78.4119 75.2082 71.743 68.1489 64.5269 60.949 57.4641 54.1032 50.8839 47.8141 44.8949 42.1221 39.4882 36.9834 34.5959 32.3128 30.1202 28.0039 25.9489 23.9402 21.9623 20 
20 22.0569 24.1309 26.2391 28.3987 30.6268 32.9402 35.3557 37.89 40.5592 43.3786 46.3628 49.5242 52.8731 56.4153 60.1507 64.0697 68.1489 72.3447 76.5845 80.7572 84.702 88.2039 91.0022 92.8256 93.46 92.8256 91.0022 88.2039 84.702 80.7572 76.5845 72.3447 68.1489 64.0697 60.1507 56.4153 52.8731 49.5242 46.3628 43.3786 40.5592 37.89 35.3557 32.9402 30.6268 28.3987 26.2391 24.1309 22.0569 20 
20 22.1425 24.3037 26.5024 28.7574 31.0876 33.5122 36.0505 38.7217 41.5455 44.5415 47.7288 51.1264 54.7516 58.6195 62.7408 67.1184 71.743 76.5845 81.5808 86.6201 91.5196 96.0037 99.6975 102.166 103.035 102.166 99.6975 96.0037 91.5196 86.6201 81.5808 76.5845 71.743 67.1184 62.7408 58.6195 54.7516 51.1264 47.7288 44.5415 41.5455 38.7217 36.0505 33.5122 31.0876 28.7574 26.5024 24.3037 22.1425 20 
20 22.2178 24.4558 26.7342 29.0736 31.4947 34.0186 36.6669 39.4619 42.4267 45.585 48.9614 52.5814 56.4711 60.6564 65.1619 70.0084 75.2082 80.7572 86.6201 92.7069 98.8342 104.673 109.695 113.182 114.423 113.182 109.695 104.673 98.8342 92.7069 86.6201 80.7572 75.2082 70.0084 65.1619 60.6564 56.4711 52.5814 48.9614 45.585 42.4267 39.4619 36.6669 34.0186 31.4947 29.0736 26.7342 24.4558 22.2178 20 
20 22.2815 24.5845 26.9305 29.3416 31.8401 34.449 37.1922 40.0945 43.1823 46.4834 50.028 53.8482 57.9794 62.4596 67.3298 72.6331 78.4119 84.702 91.5196 98.8342 106.515 114.232 121.299 126.511 128.359 126.511 121.299 114.232 106.515 98.8342 91.5196 84.702 78.4119 72.6331 67.3298 62.4596 57.9794 53.8482 50.028 46.4834 43.1823 40.0945 37.1922 34.449 31.8401 29.3416 26.9305 24.5845 22.2815 20 
20 22.3324 24.6873 27.0875 29.5562 32.117 34.7946 37.6146 40.6044 43.7931 47.2124 50.8971 54.8861 59.2235 63.9595 69.1524 74.8701 81.1909 88.2039 96.0037 104.673 114.232 124.511 134.819 143.262 146.051 143.262 134.819 124.511 114.232 104.673 96.0037 88.2039 81.1909 74.8701 69.1524 63.9595 59.2235 54.8861 50.8971 47.2124 43.7931 40.6044 37.6146 34.7946 32.117 29.5562 27.0875 24.6873 22.3324 20 
20 22.3694 24.7623 27.202 29.7128 32.3193 35.0474 37.9242 40.9787 44.2426 47.7503 51.5407 55.6581 60.154 65.0893 70.5379 76.591 83.3635 91.0022 99.6975 109.695 121.299 134.819 150.256 165.713 169.363 165.713 150.256 134.819 121.299 109.695 99.6975 91.0022 83.3635 76.591 70.5379 65.0893 60.154 55.6581 51.5407 47.7503 44.2426 40.9787 37.9242 35.0474 32.3193 29.7128 27.202 24.7623 22.3694 20 
20 22.392 24.8079 27.2717 29.8081 32.4426 35.2015 38.1131 41.2075 44.5177 48.0803 51.9365 56.1344 60.7303 65.7927 71.4063 77.6795 84.7547 92.8256 102.166 113.182 126.511 143.262 165.713 200 200 200 165.713 143.262 126.511 113.182 102.166 92.8256 84.7547 77.6795 71.4063 65.7927 60.7303 56.1344 51.9365 48.0803 44.5177 41.2075 38.1131 35.2015 32.4426 29.8081 27.2717 24.8079 22.392 20 
20 22.3996 24.8232 27.2951 29.8402 32.484 35.2533 38.1766 41.2845 44.6104 48.1915 52.0701 56.2954 60.9256 66.0316 71.7023 78.0524 85.2344 93.46 103.035 114.423 128.359 146.051 169.363 200 200 200 169.363 146.051 128.359 114.423 103.035 93.46 85.2344 78.0524 71.7023 66.0316 60.9256 56.2954 52.0701 48.1915 44.6104 41.2845 38.1766 35.2533 32.484 29.8402 27.2951 24.8232 22.3996 20 
20 22.392 24.8079 27.2717 29.8081 32.4426 35.2015 38.1131 41.2075 44.5177 48.0803 51.9365 56.1344 60.7303 65.7927 71.4063 77.6795 84.7547 92.8256 102.166 113.182 126.511 143.262 165.713 200 200 200 165.713 143.262 126.511 113.182 102.166 92.8256 84.7547 77.6795 71.4063 65.7927 60.7303 56.1344 51.9365 48.0803 44.5177 41.2075 38.1131 35.2015 32.4426 29.8081 27.2717 24.8079 22.392 20 
20 22.3694 24.7623 27.202 29.7128 32.3193 35.0474 37.9242 40.9787 44.2426 47.7503 51.5407 55.6581 60.154 65.0893 70.5379 76.591 83.3635 91.0022 99.6975 109.695 121.299 134.819 150.256 165.713 169.363 165.713 150.256 134.819 121.299 109.695 99.6975 91.0022 83.3635 76.591 70.5379 65.0893 60.154 55.6581 51.5407 47.7503 44.2426 40.9787 37.9242 35.0474 32.3193 29.7128 27.202 24.7623 22.3694 20 
20 22.3324 24.6873 27.0875 29.5562 32.117 34.7946 37.6146 40.6044 43.7931 47.2124 50.8971 54.8861 59.2235 63.9595 69.1524 74.8701 81.1909 88.2039 96.0037 104.673 114.232 124.511 134.819 143.262 146.051 143.262 134.819 124.511 114.232 104.673 96.0037 88.2039 81.1909 74.8701 69.1524 63.9595 59.2235 54.8861 50.8971 47.2124 43.7931 40.6044 37.6146 34.7946 32.117 29.5562 27.0875 24.6873 22.3324 20 
20 22.2815 24.5845 26.9305 29.3416 31.8401 34.449 37.1922 40.0945 43.1823 46.4834 50.028 53.8482 57.9794 62.4596 67.3298 72.6331 78.4119 84.702 91.5196 98.8342 106.515 114.232 121.299 126.511 128.359 126.511 121.299 114.232 106.515 98.8342 91.5196 84.702 78.4119 72.6331 67.3298 62.4596 57.9794 53.8482 50.028 46.4834 43.1823 40.0945 37.1922 34.449 31.8401 29.3416 26.9305 24.5845 22.2815 20 
20 22.2178 24.4558 26.7342 29.0736 31.4947 34.0186 36.6669 39.4619 42.4267 45.585 48.9614 52.5814 56.4711 60.6564 65.1619 70.0084 75.2082 80.7572 86.6201 92.7069 98.8342 104.673 109.695 113.182 114.423 113.182 109.695 104.673 98.8342 92.7069 86.6201 80.7572 75.2082 70.0084 65.1619 60.6564 56.4711 52.5814 48.9614 45.585 42.4267 39.4619 36.6669 34.0186 31.4947 29.0736 26.7342 24.4558 22.2178 20 
20 22.1425 24.3037 26.5024 28.7574 31.0876 33.5122 36.0505 38.7217 41.5455 44.5415 47.7288 51.1264 54.7516 58.6195 62.7408 67.1184 71.743 76.5845 81.5808 86.6201 91.5196 96.0037 99.6975 102.166 103.035 102.166 99.6975 96.0037 91.5196 86.6201 81.5808 76.5845 71.743 67.1184 62.7408 58.6195 54.7516 51.1264 47.7288 44.5415 41.5455 38.7217 36.0505 33.5122 31.0876 28.7574 26.5024 24.3037 22.1425 20 
20 22.0569 24.1309 26.2391 28.3987 30.6268 32.9402 35.3557 37.89 40.5592 43.3786 46.3628 49.5242 52.8731 56.4153 60.1507 64.0697 68.1489 72.3447 76.5845 80.7572 84.702 88.2039 91.0022 92.8256 93.46 92.8256 91.0022 88.2039 84.702 80.7572 76.5845 72.3447 68.1489 64.0697 60.1507 56.4153 52.8731 49.5242 46.3628 43.3786 40.5592 37.89 35.3557 32.9402 30.6268 28.3987 26.2391 24.1309 22.0569 20 
20 21.9623 23.9402 25.9489 28.0039 30.1202 32.3128 34.5959 36.9834 39.4882 42.1221 44.8949 47.8141 50.8839 54.1032 57.4641 60.949 64.5269 68.1489 71.743 75.2082 78.4119 81.1909 83.3635 84.7547 85.2344 84.7547 83.3635 81.1909 78.4119 75.2082 71.743 68.1489 64.5269 60.949 57.4641 54.1032 50.8839 47.8141 44.8949 42.1221 39.4882 36.9834 34.5959 32.3128 30.1202 28.0039 25.9489 23.9402 21.9623 20 
20 21.8603 23.7345 25.6362 27.5791 29.5763 31.6406 33.7841 36.0181 38.3526 40.796 43.3545 46.0316 48.8265 51.7334 54.7395 57.8226 60.949 64.0697 67.1184 70.0084 72.6331 74.8701 76.591 77.6795 78.0524 77.6795 76.591 74.8701 72.6331 70.0084 67.1184 64.0697 60.949 57.8226 54.7395 51.7334 48.8265 46.0316 43.3545 40.796 38.3526 36.0181 33.7841 31.6406 29.5763 27.5791 25.6362 23.7345 21.8603 20 
20 21.7522 23.5167 25.3054 27.1303 29.0027 30.9335 32.9327 35.0092 37.1705 39.4224 41.7679 44.2074 46.7368 49.347 52.0225 54.7395 57.4641 60.1507 62.7408 65.1619 67.3298 69.1524 70.5379 71.4063 71.7023 71.4063 70.5379 69.1524 67.3298 65.1619 62.7408 60.1507 57.4641 54.7395 52.0225 49.347 46.7368 44.2074 41.7679 39.4224 37.1705 35.0092 32.9327 30.9335 29.0027 27.1303 25.3054 23.5167 21.7522 20 
20 21.6394 23.2895 24.9608 26.6634 28.4072 30.201 32.0532 33.9706 35.9586 38.0206 40.1576 42.3673 44.6437 46.9759 49.347 51.7334 54.1032 56.4153 58.6195 60.6564 62.4596 63.9595 65.0893 65.7927 66.0316 65.7927 65.0893 63.9595 62.4596 60.6564 58.6195 56.4153 54.1032 51.7334 49.347 46.9759 44.6437 42.3673 40.1576 38.0206 35.9586 33.9706 32.0532 30.201 28.4072 26.6634 24.9608 23.2895 21.6394 20 
20 21.5231 23.0555 24.606 26.1836 27.7962 29.4515 31.1558 32.9144 34.7309 36.607 38.542 40.5321 42.5699 44.6437 46.7368 48.8265 50.8839 52.8731 54.7516 56.4711 57.9794 59.2235 60.154 60.7303 60.9256 60.7303 60.154 59.2235 57.9794 56.4711 54.7516 52.8731 50.8839 48.8265 46.7368 44.6437 42.5699 40.5321 38.542 36.607 34.7309 32.9144 31.1558 29.4515 27.7962 26.1836 24.606 23.0555 21.5231 20 
20 21.4045 22.8168 24.2447 25.6955 27.1759 28.6921 30.2491 31.8508 33.4993 35.1951 36.9361 38.7178 40.5321 42.3673 44.2074 46.0316 47.8141 49.5242 51.1264 52.5814 53.8482 54.8861 55.6581 56.1344 56.2954 56.1344 55.6581 54.8861 53.8482 52.5814 51.1264 49.5242 47.8141 46.0316 44.2074 42.3673 40.5321 38.7178 36.9361 35.1951 33.4993 31.8508 30.2491 28.6921 27.1759 25.6955 24.2447 22.8168 21.4045 20 
20 21.2844 22.5755 23.8797 25.2031 26.5513 27.9292 29.3406 30.7882 32.2732 33.7951 35.3512 36.9361 38.542 40.1576 41.7679 43.3545 44.8949 46.3628 47.7288 48.9614 50.028 50.8971 51.5407 51.9365 52.0701 51.9365 51.5407 50.8971 50.028 48.9614 47.7288 46.3628 44.8949 43.3545 41.7679 40.1576 38.542 36.9361 35.3512 33.7951 32.2732 30.7882 29.3406 27.9292 26.5513 25.2031 23.8797 22.5755 21.2844 20 
20 21.1638 22.3332 23.5135 24.7097 25.9265 27.1676 28.4359 29.7332 31.06 32.415 33.7951 35.1951 36.607 38.0206 39.4224 40.796 42.1221 43.3786 44.5415 45.585 46.4834 47.2124 47.7503 48.0803 48.1915 48.0803 47.7503 47.2124 46.4834 45.585 44.5415 43.3786 42.1221 40.796 39.4224 38.0206 36.607 35.1951 33.7951 32.415 31.06 29.7332 28.4359 27.1676 25.9265 24.7097 23.5135 22.3332 21.1638 20 
20 21.0433 22.0911 23.148 24.2179 25.3047 26.4111 27.5394 28.6907 29.8647 31.06 32.2732 33.4993 34.7309 35.9586 37.1705 38.3526 39.4882 40.5592 41.5455 42.4267 43.1823 43.7931 44.2426 44.5177 44.6104 44.5177 44.2426 43.7931 43.1823 42.4267 41.5455 40.5592 39.4882 38.3526 37.1705 35.9586 34.7309 33.4993 32.2732 31.06 29.8647 28.6907 27.5394 26.4111 25.3047 24.2179 23.148 22.0911 21.0433 20 
20 20.9233 21.8503 22.7847 23.7297 24.6882 25.6626 26.6542 27.6637 28.6907 29.7332 30.7882 31.8508 32.9144 33.9706 35.0092 36.0181 36.9834 37.89 38.7217 39.4619 40.0945 40.6044 40.9787 41.2075 41.2845 41.2075 40.9787 40.6044 40.0945 39.4619 38.7217 37.89 36.9834 36.0181 35.0092 33.9706 32.9144 31.8508 30.7882 29.7332 28.6907 27.6637 26.6542 25.6626 24.6882 23.7297 22.7847 21.8503 20.9233 20 
20 20.8042 21.6115 22.4246 23.2463 24.0787 24.9236 25.782 26.6542 27.5394 28.4359 29.3406 30.2491 31.1558 32.0532 32.9327 33.7841 34.5959 35.3557 36.0505 36.6669 37.1922 37.6146 37.9242 38.1131 38.1766 38.1131 37.9242 37.6146 37.1922 36.6669 36.0505 35.3557 34.5959 33.7841 32.9327 32.0532 31.1558 30.2491 29.3406 28.4359 27.5394 26.6542 25.782 24.9236 24.0787 23.2463 22.4246 21.6115 20.8042 20 
20 20.6863 21.375 22.0683 22.7683 23.4768 24.195 24.9236 25.6626 26.4111 27.1676 27.9292 28.6921 29.4515 30.201 30.9335 31.6406 32.3128 32.9402 33.5122 34.0186 34.449 34.7946 35.0474 35.2015 35.2533 35.2015 35.0474 34.7946 34.449 34.0186 33.5122 32.9402 32.3128 31.6406 30.9335 30.201 29.4515 28.6921 27.9292 27.1676 26.4111 25.6626 24.9236 24.195 23.4768 22.7683 22.0683 21.375 20.6863 20 
20 20.5695 21.1409 21.7159 22.2961 22.8828 23.4768 24.0787 24.6882 25.3047 25.9265 26.5513 27.1759 27.7962 28.4072 29.0027 29.5763 30.1202 30.6268 31.0876 31.4947 31.8401 32.117 32.3193 32.4426 32.484 32.4426 32.3193 32.117 31.8401 31.4947 31.0876 30.6268 30.1202 29.5763 29.0027 28.4072 27.7962 27.1759 26.5513 25.9265 25.3047 24.6882 24.0787 23.4768 22.8828 22.2961 21.7159 21.1409 20.5695 20 
20 20.454 20.9094 21.3674 21.8294 22.2961 22.7683 23.2463 23.7297 24.2179 24.7097 25.2031 25.6955 26.1836 26.6634 27.1303 27.5791 28.0039 28.3987 28.7574 29.0736 29.3416 29.5562 29.7128 29.8081 29.8402 29.8081 29.7128 29.5562 29.3416 29.0736 28.7574 28.3987 28.0039 27.5791 27.1303 26.6634 26.1836 25.6955 25.2031 24.7097 24.2179 23.7297 23.2463 22.7683 22.2961 21.8294 21.3674 20.9094 20.454 20 
20 20.3395 20.6799 21.0223 21.3674 21.7159 22.0683 22.4246 22.7847 23.148 23.5135 23.8797 24.2447 24.606 24.9608 25.3054 25.6362 25.9489 26.2391 26.5024 26.7342 26.9305 27.0875 27.202 27.2717 27.2951 27.2717 27.202 27.0875 26.9305 26.7342 26.5024 26.2391 25.9489 25.6362 25.3054 24.9608 24.606 24.2447 23.8797 23.5135 23.148 22.7847 22.4246 22.0683 21.7159 21.3674 21.0223 20.6799 20.3395 20 
20 20.2258 20.4522 20.6799 20.9094 21.1409 21.375 21.6115 21.8503 22.0911 22.3332 22.5755 22.8168 23.0555 23.2895 23.5167 23.7345 23.9402 24.1309 24.3037 24.4558 24.5845 24.6873 24.7623 24.8079 24.8232 24.8079 24.7623 24.6873 24.5845 24.4558 24.3037 24.1309 23.9402 23.7345 23.5167 23.2895 23.0555 22.8168 22.5755 22.3332 22.0911 21.8503 21.6115 21.375 21.1409 20.9094 20.6799 20.4522 20.2258 20 
20 20.1127 20.2258 20.3395 20.454 20.5695 20.6863 20.8042 20.9233 21.0433 21.1638 21.2844 21.4045 21.5231 21.6394 21.7522 21.8603 21.9623 22.0569 22.1425 22.2178 22.2815 22.3324 22.3694 22.392 22.3996 22.392 22.3694 22.3324 22.2815 22.2178 22.1425 22.0569 21.9623 21.8603 21.7522 21.6394 21.5231 21.4045 21.2844 21.1638 21.0433 20.9233 20.8042 20.6863 20.5695 20.454 20.3395 20.2258 20.1127 20 
20 20 20 20 20 20 20 20 20 20 20 20 20 20 20 20 20 20 20 20 20 20 20 20 20 20 20 20 20 20 20 20 20 20 20 20 20 20 20 20 20 20 20 20 20 20 20 20 20 20 20 
