20 20 20 20 20 20 20 20 20 20 20 20 20 20 20 20 20 20 20 20 20 20 20 20 20 20 20 20 20 20 20 20 20 20 20 20 20 20 20 20 20 20 20 20 20 20 20 20 20 20 20 
20 20.1127 20.2257 20.3394 20.4539 20.5694 20.6861 20.804 20.923 21.043 21.1635 21.2841 21.4041 21.5228 21.639 21.7518 21.8599 21.9619 22.0564 22.1421 22.2174 22.281 22.3319 22.369 22.3915 22.3991 22.3915 22.369 22.3319 22.281 22.2174 22.1421 22.0564 21.9619 21.8599 21.7518 21.639 21.5228 21.4041 21.2841 21.1635 21.043 20.923 20.804 20.6861 20.5694 20.4539 20.3394 20.2257 20.1127 20 
20 20.2257 20.4521 20.6797 20.9091 21.1406 21.3746 21.611 21.8498 22.0906 22.3326 22.5749 22.8162 23.0548 23.2888 23.5159 23.7337 23.9393 24.13 24.3028 24.4549 24.5836 24.6864 24.7613 24.807 24.8223 24.807 24.7613 24.6864 24.5836 24.4549 24.3028 24.13 23.9393 23.7337 23.5159 23.2888 23.0548 22.8162 22.5749 22.3326 22.0906 21.8498 21.611 21.3746 21.1406 20.9091 20.6797 20.4521 20.2257 20 
20 20.3394 20.6797 21.022 21.3671 21.7155 22.0677 22.424 22.784 23.1472 23.5126 23.8788 24.2437 24.605 24.9597 25.3043 25.635 25.9477 26.2379 26.5011 26.7329 26.9292 27.0861 27.2007 27.2703 27.2937 27.2703 27.2007 27.0861 26.9292 26.7329 26.5011 26.2379 25.9477 25.635 25.3043 24.9597 24.605 24.2437 23.8788 23.5126 23.1472 22.784 22.424 22.0677 21.7155 21.3671 21.022 20.6797 20.3394 20 
20 20.4539 20.9091 21.3671 21.8289 22.2955 22.7676 23.2454 23.7288 24.2169 24.7086 25.2019 25.6942 26.1822 26.6619 27.1288 27.5775 28.0023 28.3971 28.7557 29.0719 29.3399 29.5544 29.711 29.8063 29.8383 29.8063 29.711 29.5544 29.3399 29.0719 28.7557 28.3971 28.0023 27.5775 27.1288 26.6619 26.1822 25.6942 25.2019 24.7086 24.2169 23.7288 23.2454 22.7676 22.2955 21.8289 21.3671 20.9091 20.4539 20 
20 20.5694 21.1406 21.7155 22.2955 22.882 23.4759 24.0777 24.6871 25.3034 25.9251 26.5498 27.1743 27.7945 28.4053 29.0009 29.5743 30.1182 30.6247 31.0855 31.4925 31.838 32.1148 32.3171 32.4403 32.4817 32.4403 32.3171 32.1148 31.838 31.4925 31.0855 30.6247 30.1182 29.5743 29.0009 28.4053 27.7945 27.1743 26.5498 25.9251 25.3034 24.6871 24.0777 23.4759 22.882 22.2955 21.7155 21.1406 20.5694 20 
20 20.6861 21.3746 22.0677 22.7676 23.4759 24.194 24.9224 25.6612 26.4096 27.1659 27.9274 28.6902 29.4494 30.1989 30.9313 31.6383 32.3104 32.9377 33.5097 34.016 34.4465 34.792 35.0447 35.1989 35.2507 35.1989 35.0447 34.792 34.4465 34.016 33.5097 32.9377 32.3104 31.6383 30.9313 30.1989 29.4494 28.6902 27.9274 27.1659 26.4096 25.6612 24.9224 24.194 23.4759 22.7676 22.0677 21.3746 20.6861 20 
20 20.804 21.611 22.424 23.2454 24.0777 24.9224 25.7806 26.6526 27.5376 28.434 29.3385 30.2469 31.1534 32.0508 32.9302 33.7814 34.5932 35.3529 36.0476 36.664 37.1892 37.6117 37.9212 38.1101 38.1736 38.1101 37.9212 37.6117 37.1892 36.664 36.0476 35.3529 34.5932 33.7814 32.9302 32.0508 31.1534 30.2469 29.3385 28.434 27.5376 26.6526 25.7806 24.9224 24.0777 23.2454 22.424 21.611 20.804 20 
20 20.923 21.8498 22.784 23.7288 24.6871 25.6612 26.6526 27.6619 28.6887 29.7311 30.7859 31.8483 32.9117 33.9679 35.0063 36.0151 36.9804 37.8869 38.7185 39.4587 40.0912 40.6011 40.9754 41.2042 41.2812 41.2042 40.9754 40.6011 40.0912 39.4587 38.7185 37.8869 36.9804 36.0151 35.0063 33.9679 32.9117 31.8483 30.7859 29.7311 28.6887 27.6619 26.6526 25.6612 24.6871 23.7288 22.784 21.8498 20.923 20 
20 21.043 22.0906 23.1472 24.2169 25.3034 26.4096 27.5376 28.6887 29.8625 31.0576 32.2707 33.4965 34.728 35.9556 37.1674 38.3493 39.4849 40.5557 41.542 42.4232 43.1787 43.7895 44.2389 44.5141 44.6067 44.5141 44.2389 43.7895 43.1787 42.4232 41.542 40.5557 39.4849 38.3493 37.1674 35.9556 34.728 33.4965 32.2707 31.0576 29.8625 28.6887 27.5376 26.4096 25.3034 24.2169 23.1472 22.0906 21.043 20 
20 21.1635 22.3326 23.5126 24.7086 25.9251 27.1659 28.434 29.7311 31.0576 32.4124 33.7923 35.1921 36.6039 38.0173 39.4189 40.7924 42.1184 43.3749 44.5377 45.5811 46.4796 47.2085 47.7464 48.0763 48.1876 48.0763 47.7464 47.2085 46.4796 45.5811 44.5377 43.3749 42.1184 40.7924 39.4189 38.0173 36.6039 35.1921 33.7923 32.4124 31.0576 29.7311 28.434 27.1659 25.9251 24.7086 23.5126 22.3326 21.1635 20 
20 21.2841 22.5749 23.8788 25.2019 26.5498 27.9274 29.3385 30.7859 32.2707 33.7923 35.3482 36.9329 38.5387 40.154 41.7643 43.3508 44.891 46.3588 47.7248 48.9573 50.0238 50.893 51.5366 51.9324 52.066 51.9324 51.5366 50.893 50.0238 48.9573 47.7248 46.3588 44.891 43.3508 41.7643 40.154 38.5387 36.9329 35.3482 33.7923 32.2707 30.7859 29.3385 27.9274 26.5498 25.2019 23.8788 22.5749 21.2841 20 
20 21.4041 22.8162 24.2437 25.6942 27.1743 28.6902 30.2469 31.8483 33.4965 35.1921 36.9329 38.7144 40.5285 42.3636 44.2035 46.0276 47.8101 49.5201 51.1222 52.5772 53.8439 54.8818 55.6538 56.13 56.291 56.13 55.6538 54.8818 53.8439 52.5772 51.1222 49.5201 47.8101 46.0276 44.2035 42.3636 40.5285 38.7144 36.9329 35.1921 33.4965 31.8483 30.2469 28.6902 27.1743 25.6942 24.2437 22.8162 21.4041 20 
20 21.5228 23.0548 24.605 26.1822 27.7945 29.4494 31.1534 32.9117 34.728 36.6039 38.5387 40.5285 42.5661 44.6398 46.7327 48.8223 50.8796 52.8688 54.7472 56.4667 57.9749 59.219 60.1495 60.7258 60.9211 60.7258 60.1495 59.219 57.9749 56.4667 54.7472 52.8688 50.8796 48.8223 46.7327 44.6398 42.5661 40.5285 38.5387 36.6039 34.728 32.9117 31.1534 29.4494 27.7945 26.1822 24.605 23.0548 21.5228 20 
20 21.639 23.2888 24.9597 26.6619 28.4053 30.1989 32.0508 33.9679 35.9556 38.0173 40.154 42.3636 44.6398 46.9718 49.3428 51.7291 54.0988 56.4109 58.615 60.6519 62.455 63.9549 65.0847 65.7881 66.027 65.7881 65.0847 63.9549 62.455 60.6519 58.615 56.4109 54.0988 51.7291 49.3428 46.9718 44.6398 42.3636 40.154 38.0173 35.9556 33.9679 32.0508 30.1989 28.4053 26.6619 24.9597 23.2888 21.639 20 
20 21.7518 23.5159 25.3043 27.1288 29.0009 30.9313 32.9302 35.0063 37.1674 39.4189 41.7643 44.2035 46.7327 49.3428 52.0182 54.735 57.4595 60.1462 62.7362 65.1573 67.3252 69.1478 70.5333 71.4017 71.6977 71.4017 70.5333 69.1478 67.3252 65.1573 62.7362 60.1462 57.4595 54.735 52.0182 49.3428 46.7327 44.2035 41.7643 39.4189 37.1674 35.0063 32.9302 30.9313 29.0009 27.1288 25.3043 23.5159 21.7518 20 
20 21.8599 23.7337 25.635 27.5775 29.5743 31.6383 33.7814 36.0151 38.3493 40.7924 43.3508 46.0276 48.8223 51.7291 54.735 57.8181 60.9444 64.0651 67.1137 70.0037 72.6285 74.8655 76.5865 77.6749 78.0478 77.6749 76.5865 74.8655 72.6285 70.0037 67.1137 64.0651 60.9444 57.8181 54.735 51.7291 48.8223 46.0276 43.3508 40.7924 38.3493 36.0151 33.7814 31.6383 29.5743 27.5775 25.635 23.7337 21.8599 20 
20 21.9619 23.9393 25.9477 28.0023 30.1182 32.3104 34.5932 36.9804 39.4849 42.1184 44.891 47.8101 50.8796 54.0988 57.4595 60.9444 64.5222 68.1443 71.7383 75.2036 78.4073 81.1864 83.359 84.7502 85.23 84.7502 83.359 81.1864 78.4073 75.2036 71.7383 68.1443 64.5222 60.9444 57.4595 54.0988 50.8796 47.8101 44.891 42.1184 39.4849 36.9804 34.5932 32.3104 30.1182 28.0023 25.9477 23.9393 21.9619 20 
20 22.0564 24.13 26.2379 28.3971 30.6247 32.9377 35.3529 37.8869 40.5557 43.3749 46.3588 49.5201 52.8688 56.4109 60.1462 64.0651 68.1443 72.34 76.5799 80.7526 84.6975 88.1995 90.9979 92.8213 93.4558 92.8213 90.9979 88.1995 84.6975 80.7526 76.5799 72.34 68.1443 64.0651 60.1462 56.4109 52.8688 49.5201 46.3588 43.3749 40.5557 37.8869 35.3529 32.9377 30.6247 28.3971 26.2379 24.13 22.0564 20 
20 22.1421 24.3028 26.5011 28.7557 31.0855 33.5097 36.0476 38.7185 41.542 44.5377 47.7248 51.1222 54.7472 58.615 62.7362 67.1137 71.7383 76.5799 81.5763 86.6157 91.5153 95.9995 99.6934 102.162 103.031 102.162 99.6934 95.9995 91.5153 86.6157 81.5763 76.5799 71.7383 67.1137 62.7362 58.615 54.7472 51.1222 47.7248 44.5377 41.542 38.7185 36.0476 33.5097 31.0855 28.7557 26.5011 24.3028 22.1421 20 
20 22.2174 24.4549 26.7329 29.0719 31.4925 34.016 36.664 39.4587 42.4232 45.5811 48.9573 52.5772 56.4667 60.6519 65.1573 70.0037 75.2036 80.7526 86.6157 92.7026 98.8301 104.669 109.691 113.178 114.419 113.178 109.691 104.669 98.8301 92.7026 86.6157 80.7526 75.2036 70.0037 65.1573 60.6519 56.4667 52.5772 48.9573 45.5811 42.4232 39.4587 36.664 34.016 31.4925 29.0719 26.7329 24.4549 22.2174 20 
20 22.281 24.5836 26.9292 29.3399 31.838 34.4465 37.1892 40.0912 43.1787 46.4796 50.0238 53.8439 57.9749 62.455 67.3252 72.6285 78.4073 84.6975 91.5153 98.8301 106.511 114.229 121.295 126.508 128.356 126.508 121.295 114.229 106.511 98.8301 91.5153 84.6975 78.4073 72.6285 67.3252 62.455 57.9749 53.8439 50.0238 46.4796 43.1787 40.0912 37.1892 34.4465 31.838 29.3399 26.9292 24.5836 22.281 20 
20 22.3319 24.6864 27.0861 29.5544 32.1148 34.792 37.6117 40.6011 43.7895 47.2085 50.893 54.8818 59.219 63.9549 69.1478 74.8655 81.1864 88.1995 95.9995 104.669 114.229 124.507 134.816 143.26 146.049 143.26 134.816 124.507 114.229 104.669 95.9995 88.1995 81.1864 74.8655 69.1478 63.9549 59.219 54.8818 50.893 47.2085 43.7895 40.6011 37.6117 34.792 32.1148 29.5544 27.0861 24.6864 22.3319 20 
20 22.369 24.7613 27.2007 29.711 32.3171 35.0447 37.9212 40.9754 44.2389 47.7464 51.5366 55.6538 60.1495 65.0847 70.5333 76.5865 83.359 90.9979 99.6934 109.691 121.295 134.816 150.254 165.712 169.362 165.712 150.254 134.816 121.295 109.691 99.6934 90.9979 83.359 76.5865 70.5333 65.0847 60.1495 55.6538 51.5366 47.7464 44.2389 40.9754 37.9212 35.0447 32.3171 29.711 27.2007 24.7613 22.369 20 
20 22.3915 24.807 27.2703 29.8063 32.4403 35.1989 38.1101 41.2042 44.5141 48.0763 51.9324 56.13 60.7258 65.7881 71.4017 77.6749 84.7502 92.8213 102.162 113.178 126.508 143.26 165.712 200 200 200 165.712 143.26 126.508 113.178 102.162 92.8213 84.7502 77.6749 71.4017 65.7881 60.7258 56.13 51.9324 48.0763 44.5141 41.2042 38.1101 35.1989 32.4403 29.8063 27.2703 24.807 22.3915 20 
20 22.3991 24.8223 27.2937 29.8383 32.4817 35.2507 38.1736 41.2812 44.6067 48.1876 52.066 56.291 60.9211 66.027 71.6977 78.0478 85.23 93.4558 103.031 114.419 128.356 146.049 169.362 200 200 200 169.362 146.049 128.356 114.419 103.031 93.4558 85.23 78.0478 71.6977 66.027 60.9211 56.291 52.066 48.1876 44.6067 41.2812 38.1736 35.2507 32.4817 29.8383 27.2937 24.8223 22.3991 20 
20 22.3915 24.807 27.2703 29.8063 32.4403 35.1989 38.1101 41.2042 44.5141 48.0763 51.9324 56.13 60.7258 65.7881 71.4017 77.6749 84.7502 92.8213 102.162 113.178 126.508 143.26 165.712 200 200 200 165.712 143.26 126.508 113.178 102.162 92.8213 84.7502 77.6749 71.4017 65.7881 60.7258 56.13 51.9324 48.0763 44.5141 41.2042 38.1101 35.1989 32.4403 29.8063 27.2703 24.807 22.3915 20 
20 22.369 24.7613 27.2007 29.711 32.3171 35.0447 37.9212 40.9754 44.2389 47.7464 51.5366 55.6538 60.1495 65.0847 70.5333 76.5865 83.359 90.9979 99.6934 109.691 121.295 134.816 150.254 165.712 169.362 165.712 150.254 134.816 121.295 109.691 99.6934 90.9979 83.359 76.5865 70.5333 65.0847 60.1495 55.6538 51.5366 47.7464 44.2389 40.9754 37.9212 35.0447 32.3171 29.711 27.2007 24.7613 22.369 20 
20 22.3319 24.6864 27.0861 29.5544 32.1148 34.792 37.6117 40.6011 43.7895 47.2085 50.893 54.8818 59.219 63.9549 69.1478 74.8655 81.1864 88.1995 95.9995 104.669 114.229 124.507 134.816 143.26 146.049 143.26 134.816 124.507 114.229 104.669 95.9995 88.1995 81.1864 74.8655 69.1478 63.9549 59.219 54.8818 50.893 47.2085 43.7895 40.6011 37.6117 34.792 32.1148 29.5544 27.0861 24.6864 22.3319 20 
20 22.281 24.5836 26.9292 29.3399 31.838 34.4465 37.1892 40.0912 43.1787 46.4796 50.0238 53.8439 57.9749 62.455 67.3252 72.6285 78.4073 84.6975 91.5153 98.8301 106.511 114.229 121.295 126.508 128.356 126.508 121.295 114.229 106.511 98.8301 91.5153 84.6975 78.4073 72.6285 67.3252 62.455 57.9749 53.8439 50.0238 46.4796 43.1787 40.0912 37.1892 34.4465 31.838 29.3399 26.9292 24.5836 22.281 20 
20 22.2174 24.4549 26.7329 29.0719 31.4925 34.016 36.664 39.4587 42.4232 45.5811 48.9573 52.5772 56.4667 60.6519 65.1573 70.0037 75.2036 80.7526 86.6157 92.7026 98.8301 104.669 109.691 113.178 114.419 113.178 109.691 104.669 98.8301 92.7026 86.6157 80.7526 75.2036 70.0037 65.1573 60.6519 56.4667 52.5772 48.9573 45.5811 42.4232 39.4587 36.664 34.016 31.4925 29.0719 26.7329 24.4549 22.2174 20 
20 22.1421 24.3028 26.5011 28.7557 31.0855 33.5097 36.0476 38.7185 41.542 44.5377 47.7248 51.1222 54.7472 58.615 62.7362 67.1137 71.7383 76.5799 81.5763 86.6157 91.5153 95.9995 99.6934 102.162 103.031 102.162 99.6934 95.9995 91.5153 86.6157 81.5763 76.5799 71.7383 67.1137 62.7362 58.615 54.7472 51.1222 47.7248 44.5377 41.542 38.7185 36.0476 33.5097 31.0855 28.7557 26.5011 24.3028 22.1421 20 
20 22.0564 24.13 26.2379 28.3971 30.6247 32.9377 35.3529 37.8869 40.5557 43.3749 46.3588 49.5201 52.8688 56.4109 60.1462 64.0651 68.1443 72.34 76.5799 80.7526 84.6975 88.1995 90.9979 92.8213 93.4558 92.8213 90.9979 88.1995 84.6975 80.7526 76.5799 72.34 68.1443 64.0651 60.1462 56.4109 52.8688 49.5201 46.3588 43.3749 40.5557 37.8869 35.3529 32.9377 30.6247 28.3971 26.2379 24.13 22.0564 20 
20 21.9619 23.9393 25.9477 28.0023 30.1182 32.3104 34.5932 36.9804 39.4849 42.1184 44.891 47.8101 50.8796 54.0988 57.4595 60.9444 64.5222 68.1443 71.7383 75.2036 78.4073 81.1864 83.359 84.7502 85.23 84.7502 83.359 81.1864 78.4073 75.2036 71.7383 68.1443 64.5222 60.9444 57.4595 54.0988 50.8796 47.8101 44.891 42.1184 39.4849 36.9804 34.5932 32.3104 30.1182 28.0023 25.9477 23.9393 21.9619 20 
20 21.8599 23.7337 25.635 27.5775 29.5743 31.6383 33.7814 36.0151 38.3493 40.7924 43.3508 46.0276 48.8223 51.7291 54.735 57.8181 60.9444 64.0651 67.1137 70.0037 72.6285 74.8655 76.5865 77.6749 78.0478 77.6749 76.5865 74.8655 72.6285 70.0037 67.1137 64.0651 60.9444 57.8181 54.735 51.7291 48.8223 46.0276 43.3508 40.7924 38.3493 36.0151 33.7814 31.6383 29.5743 27.5775 25.635 23.7337 21.8599 20 
20 21.7518 23.5159 25.3043 27.1288 29.0009 30.9313 32.9302 35.0063 37.1674 39.4189 41.7643 44.2035 46.7327 49.3428 52.0182 54.735 57.4595 60.1462 62.7362 65.1573 67.3252 69.1478 70.5333 71.4017 71.6977 71.4017 70.5333 69.1478 67.3252 65.1573 62.7362 60.1462 57.4595 54.735 52.0182 49.3428 46.7327 44.2035 41.7643 39.4189 37.1674 35.0063 32.9302 30.9313 29.0009 27.1288 25.3043 23.5159 21.7518 20 
20 21.639 23.2888 24.9597 26.6619 28.4053 30.1989 32.0508 33.9679 35.9556 38.0173 40.154 42.3636 44.6398 46.9718 49.3428 51.7291 54.0988 56.4109 58.615 60.6519 62.455 63.9549 65.0847 65.7881 66.027 65.7881 65.0847 63.9549 62.455 60.6519 58.615 56.4109 54.0988 51.7291 49.3428 46.9718 44.6398 42.3636 40.154 38.0173 35.9556 33.9679 32.0508 30.1989 28.4053 26.6619 24.9597 23.2888 21.639 20 
20 21.5228 23.0548 24.605 26.1822 27.7945 29.4494 31.1534 32.9117 34.728 36.6039 38.5387 40.5285 42.5661 44.6398 46.7327 48.8223 50.8796 52.8688 54.7472 56.4667 57.9749 59.219 60.1495 60.7258 60.9211 60.7258 60.1495 59.219 57.9749 56.4667 54.7472 52.8688 50.8796 48.8223 46.7327 44.6398 42.5661 40.5285 38.5387 36.6039 34.728 32.9117 31.1534 29.4494 27.7945 26.1822 24.605 23.0548 21.5228 20 
20 21.4041 22.8162 24.2437 25.6942 27.1743 28.6902 30.2469 31.8483 33.4965 35.1921 36.9329 38.7144 40.5285 42.3636 44.2035 46.0276 47.8101 49.5201 51.1222 52.5772 53.8439 54.8818 55.6538 56.13 56.291 56.13 55.6538 54.8818 53.8439 52.5772 51.1222 49.5201 47.8101 46.0276 44.2035 42.3636 40.5285 38.7144 36.9329 35.1921 33.4965 31.8483 30.2469 28.6902 27.1743 25.6942 24.2437 22.8162 21.4041 20 
20 21.2841 22.5749 23.8788 25.2019 26.5498 27.9274 29.3385 30.7859 32.2707 33.7923 35.3482 36.9329 38.5387 40.154 41.7643 43.3508 44.891 46.3588 47.7248 48.9573 50.0238 50.893 51.5366 51.9324 52.066 51.9324 51.5366 50.893 50.0238 48.9573 47.7248 46.3588 44.891 43.3508 41.7643 40.154 38.5387 36.9329 35.3482 33.7923 32.2707 30.7859 29.3385 27.9274 26.5498 25.2019 23.8788 22.5749 21.2841 20 
20 21.1635 22.3326 23.5126 24.7086 25.9251 27.1659 28.434 29.7311 31.0576 32.4124 33.7923 35.1921 36.6039 38.0173 39.4189 40.7924 42.1184 43.3749 44.5377 45.5811 46.4796 47.2085 47.7464 48.0763 48.1876 48.0763 47.7464 47.2085 46.4796 45.5811 44.5377 43.3749 42.1184 40.7924 39.4189 38.0173 36.6039 35.1921 33.7923 32.4124 31.0576 29.7311 28.434 27.1659 25.9251 24.7086 23.5126 22.3326 21.1635 20 
20 21.043 22.0906 23.1472 24.2169 25.3034 26.4096 27.5376 28.6887 29.8625 31.0576 32.2707 33.4965 34.728 35.9556 37.1674 38.3493 39.4849 40.5557 41.542 42.4232 43.1787 43.7895 44.2389 44.5141 44.6067 44.5141 44.2389 43.7895 43.1787 42.4232 41.542 40.5557 39.4849 38.3493 37.1674 35.9556 34.728 33.4965 32.2707 31.0576 29.8625 28.6887 27.5376 26.4096 25.3034 24.2169 23.1472 22.0906 21.043 20 
20 20.923 21.8498 22.784 23.7288 24.6871 25.6612 26.6526 27.6619 28.6887 29.7311 30.7859 31.8483 32.9117 33.9679 35.0063 36.0151 36.9804 37.8869 38.7185 39.4587 40.0912 40.6011 40.9754 41.2042 41.2812 41.2042 40.9754 40.6011 40.0912 39.4587 38.7185 37.8869 36.9804 36.0151 35.0063 33.9679 32.9117 31.8483 30.7859 29.7311 28.6887 27.6619 26.6526 25.6612 24.6871 23.7288 22.784 21.8498 20.923 20 
20 20.804 21.611 22.424 23.2454 24.0777 24.9224 25.7806 26.6526 27.5376 28.434 29.3385 30.2469 31.1534 32.0508 32.9302 33.7814 34.5932 35.3529 36.0476 36.664 37.1892 37.6117 37.9212 38.1101 38.1736 38.1101 37.9212 37.6117 37.1892 36.664 36.0476 35.3529 34.5932 33.7814 32.9302 32.0508 31.1534 30.2469 29.3385 28.434 27.5376 26.6526 25.7806 24.9224 24.0777 23.2454 22.424 21.611 20.804 20 
20 20.6861 21.3746 22.0677 22.7676 23.4759 24.194 24.9224 25.6612 26.4096 27.1659 27.9274 28.6902 29.4494 30.1989 30.9313 31.6383 32.3104 32.9377 33.5097 34.016 34.4465 34.792 35.0447 35.1989 35.2507 35.1989 35.0447 34.792 34.4465 34.016 33.5097 32.9377 32.3104 31.6383 30.9313 30.1989 29.4494 28.6902 27.9274 27.1659 26.4096 25.6612 24.9224 24.194 23.4759 22.7676 22.0677 21.3746 20.6861 20 
20 20.5694 21.1406 21.7155 22.2955 22.882 23.4759 24.0777 24.6871 25.3034 25.9251 26.5498 27.1743 27.7945 28.4053 29.0009 29.5743 30.1182 30.6247 31.0855 31.4925 31.838 32.1148 32.3171 32.4403 32.4817 32.4403 32.3171 32.1148 31.838 31.4925 31.0855 30.6247 30.1182 29.5743 29.0009 28.4053 27.7945 27.1743 26.5498 25.9251 25.3034 24.6871 24.0777 23.4759 22.882 22.2955 21.7155 21.1406 20.5694 20 
20 20.4539 20.9091 21.3671 21.8289 22.2955 22.7676 23.2454 23.7288 24.2169 24.7086 25.2019 25.6942 26.1822 26.6619 27.1288 27.5775 28.0023 28.3971 28.7557 29.0719 29.3399 29.5544 29.711 29.8063 29.8383 29.8063 29.711 29.5544 29.3399 29.0719 28.7557 28.3971 28.0023 27.5775 27.1288 26.6619 26.1822 25.6942 25.2019 24.7086 24.2169 23.7288 23.2454 22.7676 22.2955 21.8289 21.3671 20.9091 20.4539 20 
20 20.3394 20.6797 21.022 21.3671 21.7155 22.0677 22.424 22.784 23.1472 23.5126 23.8788 24.2437 24.605 24.9597 25.3043 25.635 25.9477 26.2379 26.5011 26.7329 26.9292 27.0861 27.2007 27.2703 27.2937 27.2703 27.2007 27.0861 26.9292 26.7329 26.5011 26.2379 25.9477 25.635 25.3043 24.9597 24.605 24.2437 23.8788 23.5126 23.1472 22.784 22.424 22.0677 21.7155 21.3671 21.022 20.6797 20.3394 20 
20 20.2257 20.4521 20.6797 20.9091 21.1406 21.3746 21.611 21.8498 22.0906 22.3326 22.5749 22.8162 23.0548 23.2888 23.5159 23.7337 23.9393 24.13 24.3028 24.4549 24.5836 24.6864 24.7613 24.807 24.8223 24.807 24.7613 24.6864 24.5836 24.4549 24.3028 24.13 23.9393 23.7337 23.5159 23.2888 23.0548 22.8162 22.5749 22.3326 22.0906 21.8498 21.611 21.3746 21.1406 20.9091 20.6797 20.4521 20.2257 20 
20 20.1127 20.2257 20.3394 20.4539 20.5694 20.6861 20.804 20.923 21.043 21.1635 21.2841 21.4041 21.5228 21.639 21.7518 21.8599 21.9619 22.0564 22.1421 22.2174 22.281 22.3319 22.369 22.3915 22.3991 22.3915 22.369 22.3319 22.281 22.2174 22.1421 22.0564 21.9619 21.8599 21.7518 21.639 21.5228 21.4041 21.2841 21.1635 21.043 20.923 20.804 20.6861 20.5694 20.4539 20.3394 20.2257 20.1127 20 
20 20 20 20 20 20 20 20 20 20 20 20 20 20 20 20 20 20 20 20 20 20 20 20 20 20 20 20 20 20 20 20 20 20 20 20 20 20 20 20 20 20 20 20 20 20 20 20 20 20 20 
