20 20 20 20 20 20 20 20 20 20 20 20 20 20 20 20 20 20 20 20 20 20 20 20 20 20 20 20 20 20 20 20 20 20 20 20 20 20 20 20 20 20 20 20 20 20 20 20 20 20 20 
20 20.1753 20.3512 20.5279 20.706 20.8857 21.0673 21.2507 21.4358 21.6224 21.8099 21.9975 22.1842 22.3688 22.5496 22.7251 22.8932 23.0519 23.1989 23.3321 23.4492 23.5483 23.6274 23.6851 23.7202 23.732 23.7202 23.6851 23.6274 23.5483 23.4492 23.3321 23.1989 23.0519 22.8932 22.7251 22.5496 22.3688 22.1842 21.9975 21.8099 21.6224 21.4358 21.2507 21.0673 20.8857 20.706 20.5279 20.3512 20.1753 20 
20 20.3512 20.7033 21.0574 21.4142 21.7743 22.1382 22.5061 22.8775 23.252 23.6285 24.0054 24.3807 24.7519 25.1159 25.4692 25.8079 26.1278 26.4245 26.6933 26.9299 27.13 27.2899 27.4065 27.4775 27.5013 27.4775 27.4065 27.2899 27.13 26.9299 26.6933 26.4245 26.1278 25.8079 25.4692 25.1159 24.7519 24.3807 24.0054 23.6285 23.252 22.8775 22.5061 22.1382 21.7743 21.4142 21.0574 20.7033 20.3512 20 
20 20.5279 21.0574 21.5898 22.1265 22.6685 23.2165 23.7706 24.3306 24.8956 25.464 26.0336 26.6013 27.1633 27.715 28.2511 28.7656 29.2519 29.7033 30.1128 30.4734 30.7787 31.0229 31.201 31.3094 31.3458 31.3094 31.201 31.0229 30.7787 30.4734 30.1128 29.7033 29.2519 28.7656 28.2511 27.715 27.1633 26.6013 26.0336 25.464 24.8956 24.3306 23.7706 23.2165 22.6685 22.1265 21.5898 21.0574 20.5279 20 
20 20.706 21.4142 22.1265 22.8449 23.5708 24.3052 25.0484 25.8003 26.5596 27.3245 28.0918 28.8576 29.6167 30.363 31.0892 31.7872 32.448 33.0621 33.6199 34.1118 34.5287 34.8624 35.106 35.2543 35.3041 35.2543 35.106 34.8624 34.5287 34.1118 33.6199 33.0621 32.448 31.7872 31.0892 30.363 29.6167 28.8576 28.0918 27.3245 26.5596 25.8003 25.0484 24.3052 23.5708 22.8449 22.1265 21.4142 20.706 20 
20 20.8857 21.7743 22.6685 23.5708 24.4832 25.407 26.343 27.291 28.2497 29.2168 30.1886 31.16 32.1248 33.075 34.0013 34.8934 35.7395 36.5273 37.2441 37.8773 38.4146 38.8452 39.1599 39.3516 39.416 39.3516 39.1599 38.8452 38.4146 37.8773 37.2441 36.5273 35.7395 34.8934 34.0013 33.075 32.1248 31.16 30.1886 29.2168 28.2497 27.291 26.343 25.407 24.4832 23.5708 22.6685 21.7743 20.8857 20 
20 21.0673 22.1382 23.2165 24.3052 25.407 26.5239 27.657 28.8063 29.9705 31.1469 32.3315 33.5181 34.6991 35.865 37.0043 38.104 39.1495 40.1253 41.0152 41.8027 42.4723 43.0097 43.4029 43.6427 43.7233 43.6427 43.4029 43.0097 42.4723 41.8027 41.0152 40.1253 39.1495 38.104 37.0043 35.865 34.6991 33.5181 32.3315 31.1469 29.9705 28.8063 27.657 26.5239 25.407 24.3052 23.2165 22.1382 21.0673 20 
20 21.2507 22.5061 23.7706 25.0484 26.343 27.657 28.992 30.3485 31.7252 33.1195 34.5266 35.9397 37.3498 38.7456 40.1136 41.4378 42.7005 43.8823 44.9629 45.9218 46.7388 47.3959 47.8774 48.1713 48.2701 48.1713 47.8774 47.3959 46.7388 45.9218 44.9629 43.8823 42.7005 41.4378 40.1136 38.7456 37.3498 35.9397 34.5266 33.1195 31.7252 30.3485 28.992 27.657 26.343 25.0484 23.7706 22.5061 21.2507 20 
20 21.4358 22.8775 24.3306 25.8003 27.291 28.8063 30.3485 31.9186 33.5157 35.1372 36.778 38.4307 40.0849 41.7278 43.3432 44.9124 46.4139 47.8241 49.1177 50.2691 51.253 52.0461 52.6284 52.9843 53.104 52.9843 52.6284 52.0461 51.253 50.2691 49.1177 47.8241 46.4139 44.9124 43.3432 41.7278 40.0849 38.4307 36.778 35.1372 33.5157 31.9186 30.3485 28.8063 27.291 25.8003 24.3306 22.8775 21.4358 20 
20 21.6224 23.252 24.8956 26.5596 28.2497 29.9705 31.7252 33.5157 35.3417 37.2007 39.0877 40.9946 42.9102 44.8198 46.7048 48.5434 50.3098 51.9756 53.5098 54.8805 56.0557 57.0058 57.705 58.133 58.2771 58.133 57.705 57.0058 56.0557 54.8805 53.5098 51.9756 50.3098 48.5434 46.7048 44.8198 42.9102 40.9946 39.0877 37.2007 35.3417 33.5157 31.7252 29.9705 28.2497 26.5596 24.8956 23.252 21.6224 20 
20 21.8099 23.6285 25.464 27.3245 29.2168 31.1469 33.1195 35.1372 37.2007 39.3082 41.4547 43.6321 45.8283 48.0269 50.2072 52.3438 54.4065 56.361 58.1697 59.7929 61.1904 62.3243 63.161 63.6743 63.8473 63.6743 63.161 62.3243 61.1904 59.7929 58.1697 56.361 54.4065 52.3438 50.2072 48.0269 45.8283 43.6321 41.4547 39.3082 37.2007 35.1372 33.1195 31.1469 29.2168 27.3245 25.464 23.6285 21.8099 20 
20 21.9975 24.0054 26.0336 28.0918 30.1886 32.3315 34.5266 36.778 39.0877 41.4547 43.8749 46.3401 48.8379 51.3507 53.8555 56.3234 58.7193 61.0026 63.1275 65.0447 66.7038 68.0557 69.0569 69.6726 69.8804 69.6726 69.0569 68.0557 66.7038 65.0447 63.1275 61.0026 58.7193 56.3234 53.8555 51.3507 48.8379 46.3401 43.8749 41.4547 39.0877 36.778 34.5266 32.3315 30.1886 28.0918 26.0336 24.0054 21.9975 20 
20 22.1842 24.3807 26.6013 28.8576 31.16 33.5181 35.9397 38.4307 40.9946 43.6321 46.3401 49.1113 51.9333 54.7878 57.6499 60.4874 63.2601 65.9201 68.4123 70.6756 72.6461 74.2606 75.4614 76.2023 76.4527 76.2023 75.4614 74.2606 72.6461 70.6756 68.4123 65.9201 63.2601 60.4874 57.6499 54.7878 51.9333 49.1113 46.3401 43.6321 40.9946 38.4307 35.9397 33.5181 31.16 28.8576 26.6013 24.3807 22.1842 20 
20 22.3688 24.7519 27.1633 29.6167 32.1248 34.6991 37.3498 40.0849 42.9102 45.8283 48.8379 51.9333 55.1029 58.3285 61.5842 64.8347 68.035 71.1292 74.0513 76.726 79.0721 81.0073 82.4548 83.3513 83.655 83.3513 82.4548 81.0073 79.0721 76.726 74.0513 71.1292 68.035 64.8347 61.5842 58.3285 55.1029 51.9333 48.8379 45.8283 42.9102 40.0849 37.3498 34.6991 32.1248 29.6167 27.1633 24.7519 22.3688 20 
20 22.5496 25.1159 27.715 30.363 33.075 35.865 38.7456 41.7278 44.8198 48.0269 51.3507 54.7878 58.3285 61.9561 65.6444 69.3564 73.0425 76.6391 80.0678 83.2363 86.0412 88.3743 90.1318 91.2259 91.5976 91.2259 90.1318 88.3743 86.0412 83.2363 80.0678 76.6391 73.0425 69.3564 65.6444 61.9561 58.3285 54.7878 51.3507 48.0269 44.8198 41.7278 38.7456 35.865 33.075 30.363 27.715 25.1159 22.5496 20 
20 22.7251 25.4692 28.2511 31.0892 34.0013 37.0043 40.1136 43.3432 46.7048 50.2072 53.8555 57.6499 61.5842 65.6444 69.8061 74.0323 78.2704 82.4496 86.4785 90.2447 93.617 96.4521 98.6074 99.9582 100.419 99.9582 98.6074 96.4521 93.617 90.2447 86.4785 82.4496 78.2704 74.0323 69.8061 65.6444 61.5842 57.6499 53.8555 50.2072 46.7048 43.3432 40.1136 37.0043 34.0013 31.0892 28.2511 25.4692 22.7251 20 
20 22.8932 25.8079 28.7656 31.7872 34.8934 38.104 41.4378 44.9124 48.5434 52.3438 56.3234 60.4874 64.8347 69.3564 74.0323 78.8282 83.6912 88.5457 93.288 97.7836 101.867 105.346 108.023 109.717 110.297 109.717 108.023 105.346 101.867 97.7836 93.288 88.5457 83.6912 78.8282 74.0323 69.3564 64.8347 60.4874 56.3234 52.3438 48.5434 44.9124 41.4378 38.104 34.8934 31.7872 28.7656 25.8079 22.8932 20 
20 23.0519 26.1278 29.2519 32.448 35.7395 39.1495 42.7005 46.4139 50.3098 54.4065 58.7193 63.2601 68.035 73.0425 78.2704 83.6912 89.2568 94.8911 100.482 105.872 110.856 115.179 118.558 120.723 121.469 120.723 118.558 115.179 110.856 105.872 100.482 94.8911 89.2568 83.6912 78.2704 73.0425 68.035 63.2601 58.7193 54.4065 50.3098 46.4139 42.7005 39.1495 35.7395 32.448 29.2519 26.1278 23.0519 20 
20 23.1989 26.4245 29.7033 33.0621 36.5273 40.1253 43.8823 47.8241 51.9756 56.361 61.0026 65.9201 71.1292 76.6391 82.4496 88.5457 94.8911 101.418 108.013 114.504 120.641 126.088 130.441 133.278 134.265 133.278 130.441 126.088 120.641 114.504 108.013 101.418 94.8911 88.5457 82.4496 76.6391 71.1292 65.9201 61.0026 56.361 51.9756 47.8241 43.8823 40.1253 36.5273 33.0621 29.7033 26.4245 23.1989 20 
20 23.3321 26.6933 30.1128 33.6199 37.2441 41.0152 44.9629 49.1177 53.5098 58.1697 63.1275 68.4123 74.0513 80.0678 86.4785 93.288 100.482 108.013 115.785 123.624 131.246 138.221 143.968 147.808 149.159 147.808 143.968 138.221 131.246 123.624 115.785 108.013 100.482 93.288 86.4785 80.0678 74.0513 68.4123 63.1275 58.1697 53.5098 49.1177 44.9629 41.0152 37.2441 33.6199 30.1128 26.6933 23.3321 20 
20 23.4492 26.9299 30.4734 34.1118 37.8773 41.8027 45.9218 50.2691 54.8805 59.7929 65.0447 70.6756 76.726 83.2363 90.2447 97.7836 105.872 114.504 123.624 133.093 142.625 151.707 159.52 164.943 166.874 164.943 159.52 151.707 142.625 133.093 123.624 114.504 105.872 97.7836 90.2447 83.2363 76.726 70.6756 65.0447 59.7929 54.8805 50.2691 45.9218 41.8027 37.8773 34.1118 30.4734 26.9299 23.4492 20 
20 23.5483 27.13 30.7787 34.5287 38.4146 42.4723 46.7388 51.253 56.0557 61.1904 66.7038 72.6461 79.0721 86.0412 93.617 101.867 110.856 120.641 131.246 142.625 154.573 166.578 177.571 185.679 188.554 185.679 177.571 166.578 154.573 142.625 131.246 120.641 110.856 101.867 93.617 86.0412 79.0721 72.6461 66.7038 61.1904 56.0557 51.253 46.7388 42.4723 38.4146 34.5287 30.7787 27.13 23.5483 20 
20 23.6274 27.2899 31.0229 34.8624 38.8452 43.0097 47.3959 52.0461 57.0058 62.3243 68.0557 74.2606 81.0073 88.3743 96.4521 105.346 115.179 126.088 138.221 151.707 166.578 182.567 198.603 211.737 216.075 211.737 198.603 182.567 166.578 151.707 138.221 126.088 115.179 105.346 96.4521 88.3743 81.0073 74.2606 68.0557 62.3243 57.0058 52.0461 47.3959 43.0097 38.8452 34.8624 31.0229 27.2899 23.6274 20 
20 23.6851 27.4065 31.201 35.106 39.1599 43.4029 47.8774 52.6284 57.705 63.161 69.0569 75.4614 82.4548 90.1318 98.6074 108.023 118.558 130.441 143.968 159.52 177.571 198.603 222.617 246.663 252.341 246.663 222.617 198.603 177.571 159.52 143.968 130.441 118.558 108.023 98.6074 90.1318 82.4548 75.4614 69.0569 63.161 57.705 52.6284 47.8774 43.4029 39.1599 35.106 31.201 27.4065 23.6851 20 
20 23.7202 27.4775 31.3094 35.2543 39.3516 43.6427 48.1713 52.9843 58.133 63.6743 69.6726 76.2023 83.3513 91.2259 99.9582 109.717 120.723 133.278 147.808 164.943 185.679 211.737 246.663 300 300 300 246.663 211.737 185.679 164.943 147.808 133.278 120.723 109.717 99.9582 91.2259 83.3513 76.2023 69.6726 63.6743 58.133 52.9843 48.1713 43.6427 39.3516 35.2543 31.3094 27.4775 23.7202 20 
20 23.732 27.5013 31.3458 35.3041 39.416 43.7233 48.2701 53.104 58.2771 63.8473 69.8804 76.4527 83.655 91.5976 100.419 110.297 121.469 134.265 149.159 166.874 188.554 216.075 252.341 300 300 300 252.341 216.075 188.554 166.874 149.159 134.265 121.469 110.297 100.419 91.5976 83.655 76.4527 69.8804 63.8473 58.2771 53.104 48.2701 43.7233 39.416 35.3041 31.3458 27.5013 23.732 20 
20 23.7202 27.4775 31.3094 35.2543 39.3516 43.6427 48.1713 52.9843 58.133 63.6743 69.6726 76.2023 83.3513 91.2259 99.9582 109.717 120.723 133.278 147.808 164.943 185.679 211.737 246.663 300 300 300 246.663 211.737 185.679 164.943 147.808 133.278 120.723 109.717 99.9582 91.2259 83.3513 76.2023 69.6726 63.6743 58.133 52.9843 48.1713 43.6427 39.3516 35.2543 31.3094 27.4775 23.7202 20 
20 23.6851 27.4065 31.201 35.106 39.1599 43.4029 47.8774 52.6284 57.705 63.161 69.0569 75.4614 82.4548 90.1318 98.6074 108.023 118.558 130.441 143.968 159.52 177.571 198.603 222.617 246.663 252.341 246.663 222.617 198.603 177.571 159.52 143.968 130.441 118.558 108.023 98.6074 90.1318 82.4548 75.4614 69.0569 63.161 57.705 52.6284 47.8774 43.4029 39.1599 35.106 31.201 27.4065 23.6851 20 
20 23.6274 27.2899 31.0229 34.8624 38.8452 43.0097 47.3959 52.0461 57.0058 62.3243 68.0557 74.2606 81.0073 88.3743 96.4521 105.346 115.179 126.088 138.221 151.707 166.578 182.567 198.603 211.737 216.075 211.737 198.603 182.567 166.578 151.707 138.221 126.088 115.179 105.346 96.4521 88.3743 81.0073 74.2606 68.0557 62.3243 57.0058 52.0461 47.3959 43.0097 38.8452 34.8624 31.0229 27.2899 23.6274 20 
20 23.5483 27.13 30.7787 34.5287 38.4146 42.4723 46.7388 51.253 56.0557 61.1904 66.7038 72.6461 79.0721 86.0412 93.617 101.867 110.856 120.641 131.246 142.625 154.573 166.578 177.571 185.679 188.554 185.679 177.571 166.578 154.573 142.625 131.246 120.641 110.856 101.867 93.617 86.0412 79.0721 72.6461 66.7038 61.1904 56.0557 51.253 46.7388 42.4723 38.4146 34.5287 30.7787 27.13 23.5483 20 
20 23.4492 26.9299 30.4734 34.1118 37.8773 41.8027 45.9218 50.2691 54.8805 59.7929 65.0447 70.6756 76.726 83.2363 90.2447 97.7836 105.872 114.504 123.624 133.093 142.625 151.707 159.52 164.943 166.874 164.943 159.52 151.707 142.625 133.093 123.624 114.504 105.872 97.7836 90.2447 83.2363 76.726 70.6756 65.0447 59.7929 54.8805 50.2691 45.9218 41.8027 37.8773 34.1118 30.4734 26.9299 23.4492 20 
20 23.3321 26.6933 30.1128 33.6199 37.2441 41.0152 44.9629 49.1177 53.5098 58.1697 63.1275 68.4123 74.0513 80.0678 86.4785 93.288 100.482 108.013 115.785 123.624 131.246 138.221 143.968 147.808 149.159 147.808 143.968 138.221 131.246 123.624 115.785 108.013 100.482 93.288 86.4785 80.0678 74.0513 68.4123 63.1275 58.1697 53.5098 49.1177 44.9629 41.0152 37.2441 33.6199 30.1128 26.6933 23.3321 20 
20 23.1989 26.4245 29.7033 33.0621 36.5273 40.1253 43.8823 47.8241 51.9756 56.361 61.0026 65.9201 71.1292 76.6391 82.4496 88.5457 94.8911 101.418 108.013 114.504 120.641 126.088 130.441 133.278 134.265 133.278 130.441 126.088 120.641 114.504 108.013 101.418 94.8911 88.5457 82.4496 76.6391 71.1292 65.9201 61.0026 56.361 51.9756 47.8241 43.8823 40.1253 36.5273 33.0621 29.7033 26.4245 23.1989 20 
20 23.0519 26.1278 29.2519 32.448 35.7395 39.1495 42.7005 46.4139 50.3098 54.4065 58.7193 63.2601 68.035 73.0425 78.2704 83.6912 89.2568 94.8911 100.482 105.872 110.856 115.179 118.558 120.723 121.469 120.723 118.558 115.179 110.856 105.872 100.482 94.8911 89.2568 83.6912 78.2704 73.0425 68.035 63.2601 58.7193 54.4065 50.3098 46.4139 42.7005 39.1495 35.7395 32.448 29.2519 26.1278 23.0519 20 
20 22.8932 25.8079 28.7656 31.7872 34.8934 38.104 41.4378 44.9124 48.5434 52.3438 56.3234 60.4874 64.8347 69.3564 74.0323 78.8282 83.6912 88.5457 93.288 97.7836 101.867 105.346 108.023 109.717 110.297 109.717 108.023 105.346 101.867 97.7836 93.288 88.5457 83.6912 78.8282 74.0323 69.3564 64.8347 60.4874 56.3234 52.3438 48.5434 44.9124 41.4378 38.104 34.8934 31.7872 28.7656 25.8079 22.8932 20 
20 22.7251 25.4692 28.2511 31.0892 34.0013 37.0043 40.1136 43.3432 46.7048 50.2072 53.8555 57.6499 61.5842 65.6444 69.8061 74.0323 78.2704 82.4496 86.4785 90.2447 93.617 96.4521 98.6074 99.9582 100.419 99.9582 98.6074 96.4521 93.617 90.2447 86.4785 82.4496 78.2704 74.0323 69.8061 65.6444 61.5842 57.6499 53.8555 50.2072 46.7048 43.3432 40.1136 37.0043 34.0013 31.0892 28.2511 25.4692 22.7251 20 
20 22.5496 25.1159 27.715 30.363 33.075 35.865 38.7456 41.7278 44.8198 48.0269 51.3507 54.7878 58.3285 61.9561 65.6444 69.3564 73.0425 76.6391 80.0678 83.2363 86.0412 88.3743 90.1318 91.2259 91.5976 91.2259 90.1318 88.3743 86.0412 83.2363 80.0678 76.6391 73.0425 69.3564 65.6444 61.9561 58.3285 54.7878 51.3507 48.0269 44.8198 41.7278 38.7456 35.865 33.075 30.363 27.715 25.1159 22.5496 20 
20 22.3688 24.7519 27.1633 29.6167 32.1248 34.6991 37.3498 40.0849 42.9102 45.8283 48.8379 51.9333 55.1029 58.3285 61.5842 64.8347 68.035 71.1292 74.0513 76.726 79.0721 81.0073 82.4548 83.3513 83.655 83.3513 82.4548 81.0073 79.0721 76.726 74.0513 71.1292 68.035 64.8347 61.5842 58.3285 55.1029 51.9333 48.8379 45.8283 42.9102 40.0849 37.3498 34.6991 32.1248 29.6167 27.1633 24.7519 22.3688 20 
20 22.1842 24.3807 26.6013 28.8576 31.16 33.5181 35.9397 38.4307 40.9946 43.6321 46.3401 49.1113 51.9333 54.7878 57.6499 60.4874 63.2601 65.9201 68.4123 70.6756 72.6461 74.2606 75.4614 76.2023 76.4527 76.2023 75.4614 74.2606 72.6461 70.6756 68.4123 65.9201 63.2601 60.4874 57.6499 54.7878 51.9333 49.1113 46.3401 43.6321 40.9946 38.4307 35.9397 33.5181 31.16 28.8576 26.6013 24.3807 22.1842 20 
20 21.9975 24.0054 26.0336 28.0918 30.1886 32.3315 34.5266 36.778 39.0877 41.4547 43.8749 46.3401 48.8379 51.3507 53.8555 56.3234 58.7193 61.0026 63.1275 65.0447 66.7038 68.0557 69.0569 69.6726 69.8804 69.6726 69.0569 68.0557 66.7038 65.0447 63.1275 61.0026 58.7193 56.3234 53.8555 51.3507 48.8379 46.3401 43.8749 41.4547 39.0877 36.778 34.5266 32.3315 30.1886 28.0918 26.0336 24.0054 21.9975 20 
20 21.8099 23.6285 25.464 27.3245 29.2168 31.1469 33.1195 35.1372 37.2007 39.3082 41.4547 43.6321 45.8283 48.0269 50.2072 52.3438 54.4065 56.361 58.1697 59.7929 61.1904 62.3243 63.161 63.6743 63.8473 63.6743 63.161 62.3243 61.1904 59.7929 58.1697 56.361 54.4065 52.3438 50.2072 48.0269 45.8283 43.6321 41.4547 39.3082 37.2007 35.1372 33.1195 31.1469 29.2168 27.3245 25.464 23.6285 21.8099 20 
20 21.6224 23.252 24.8956 26.5596 28.2497 29.9705 31.7252 33.5157 35.3417 37.2007 39.0877 40.9946 42.9102 44.8198 46.7048 48.5434 50.3098 51.9756 53.5098 54.8805 56.0557 57.0058 57.705 58.133 58.2771 58.133 57.705 57.0058 56.0557 54.8805 53.5098 51.9756 50.3098 48.5434 46.7048 44.8198 42.9102 40.9946 39.0877 37.2007 35.3417 33.5157 31.7252 29.9705 28.2497 26.5596 24.8956 23.252 21.6224 20 
20 21.4358 22.8775 24.3306 25.8003 27.291 28.8063 30.3485 31.9186 33.5157 35.1372 36.778 38.4307 40.0849 41.7278 43.3432 44.9124 46.4139 47.8241 49.1177 50.2691 51.253 52.0461 52.6284 52.9843 53.104 52.9843 52.6284 52.0461 51.253 50.2691 49.1177 47.8241 46.4139 44.9124 43.3432 41.7278 40.0849 38.4307 36.778 35.1372 33.5157 31.9186 30.3485 28.8063 27.291 25.8003 24.3306 22.8775 21.4358 20 
20 21.2507 22.5061 23.7706 25.0484 26.343 27.657 28.992 30.3485 31.7252 33.1195 34.5266 35.9397 37.3498 38.7456 40.1136 41.4378 42.7005 43.8823 44.9629 45.9218 46.7388 47.3959 47.8774 48.1713 48.2701 48.1713 47.8774 47.3959 46.7388 45.9218 44.9629 43.8823 42.7005 41.4378 40.1136 38.7456 37.3498 35.9397 34.5266 33.1195 31.7252 30.3485 28.992 27.657 26.343 25.0484 23.7706 22.5061 21.2507 20 
20 21.0673 22.1382 23.2165 24.3052 25.407 26.5239 27.657 28.8063 29.9705 31.1469 32.3315 33.5181 34.6991 35.865 37.0043 38.104 39.1495 40.1253 41.0152 41.8027 42.4723 43.0097 43.4029 43.6427 43.7233 43.6427 43.4029 43.0097 42.4723 41.8027 41.0152 40.1253 39.1495 38.104 37.0043 35.865 34.6991 33.5181 32.3315 31.1469 29.9705 28.8063 27.657 26.5239 25.407 24.3052 23.2165 22.1382 21.0673 20 
20 20.8857 21.7743 22.6685 23.5708 24.4832 25.407 26.343 27.291 28.2497 29.2168 30.1886 31.16 32.1248 33.075 34.0013 34.8934 35.7395 36.5273 37.2441 37.8773 38.4146 38.8452 39.1599 39.3516 39.416 39.3516 39.1599 38.8452 38.4146 37.8773 37.2441 36.5273 35.7395 34.8934 34.0013 33.075 32.1248 31.16 30.1886 29.2168 28.2497 27.291 26.343 25.407 24.4832 23.5708 22.6685 21.7743 20.8857 20 
20 20.706 21.4142 22.1265 22.8449 23.5708 24.3052 25.0484 25.8003 26.5596 27.3245 28.0918 28.8576 29.6167 30.363 31.0892 31.7872 32.448 33.0621 33.6199 34.1118 34.5287 34.8624 35.106 35.2543 35.3041 35.2543 35.106 34.8624 34.5287 34.1118 33.6199 33.0621 32.448 31.7872 31.0892 30.363 29.6167 28.8576 28.0918 27.3245 26.5596 25.8003 25.0484 24.3052 23.5708 22.8449 22.1265 21.4142 20.706 20 
20 20.5279 21.0574 21.5898 22.1265 22.6685 23.2165 23.7706 24.3306 24.8956 25.464 26.0336 26.6013 27.1633 27.715 28.2511 28.7656 29.2519 29.7033 30.1128 30.4734 30.7787 31.0229 31.201 31.3094 31.3458 31.3094 31.201 31.0229 30.7787 30.4734 30.1128 29.7033 29.2519 28.7656 28.2511 27.715 27.1633 26.6013 26.0336 25.464 24.8956 24.3306 23.7706 23.2165 22.6685 22.1265 21.5898 21.0574 20.5279 20 
20 20.3512 20.7033 21.0574 21.4142 21.7743 22.1382 22.5061 22.8775 23.252 23.6285 24.0054 24.3807 24.7519 25.1159 25.4692 25.8079 26.1278 26.4245 26.6933 26.9299 27.13 27.2899 27.4065 27.4775 27.5013 27.4775 27.4065 27.2899 27.13 26.9299 26.6933 26.4245 26.1278 25.8079 25.4692 25.1159 24.7519 24.3807 24.0054 23.6285 23.252 22.8775 22.5061 22.1382 21.7743 21.4142 21.0574 20.7033 20.3512 20 
20 20.1753 20.3512 20.5279 20.706 20.8857 21.0673 21.2507 21.4358 21.6224 21.8099 21.9975 22.1842 22.3688 22.5496 22.7251 22.8932 23.0519 23.1989 23.3321 23.4492 23.5483 23.6274 23.6851 23.7202 23.732 23.7202 23.6851 23.6274 23.5483 23.4492 23.3321 23.1989 23.0519 22.8932 22.7251 22.5496 22.3688 22.1842 21.9975 21.8099 21.6224 21.4358 21.2507 21.0673 20.8857 20.706 20.5279 20.3512 20.1753 20 
20 20 20 20 20 20 20 20 20 20 20 20 20 20 20 20 20 20 20 20 20 20 20 20 20 20 20 20 20 20 20 20 20 20 20 20 20 20 20 20 20 20 20 20 20 20 20 20 20 20 20 
