20 20 20 20 20 20 20 20 20 20 20 20 20 20 20 20 20 20 20 20 20 20 20 20 20 20 20 20 20 20 20 20 20 20 20 20 20 20 20 20 20 20 20 20 20 20 20 20 20 20 20 
20 20.1754 20.3513 20.5281 20.7062 20.886 21.0675 21.251 21.4362 21.6229 21.8104 21.998 22.1847 22.3693 22.5502 22.7257 22.8938 23.0525 23.1996 23.3328 23.4499 23.549 23.6281 23.6858 23.7209 23.7327 23.7209 23.6858 23.6281 23.549 23.4499 23.3328 23.1996 23.0525 22.8938 22.7257 22.5502 22.3693 22.1847 21.998 21.8104 21.6229 21.4362 21.251 21.0675 20.886 20.7062 20.5281 20.3513 20.1754 20 
20 20.3513 20.7035 21.0577 21.4145 21.7748 22.1388 22.5067 22.8783 23.2528 23.6294 24.0063 24.3817 24.7529 25.117 25.4704 25.8092 26.1291 26.4258 26.6946 26.9312 27.1314 27.2913 27.408 27.4789 27.5027 27.4789 27.408 27.2913 27.1314 26.9312 26.6946 26.4258 26.1291 25.8092 25.4704 25.117 24.7529 24.3817 24.0063 23.6294 23.2528 22.8783 22.5067 22.1388 21.7748 21.4145 21.0577 20.7035 20.3513 20 
20 20.5281 21.0577 21.5902 22.1271 22.6693 23.2173 23.7716 24.3317 24.8968 25.4654 26.0351 26.6029 27.165 27.7167 28.2529 28.7674 29.2538 29.7053 30.1148 30.4755 30.7808 31.025 31.2031 31.3116 31.348 31.3116 31.2031 31.025 30.7808 30.4755 30.1148 29.7053 29.2538 28.7674 28.2529 27.7167 27.165 26.6029 26.0351 25.4654 24.8968 24.3317 23.7716 23.2173 22.6693 22.1271 21.5902 21.0577 20.5281 20 
20 20.7062 21.4145 22.1271 22.8457 23.5718 24.3063 25.0497 25.8017 26.5612 27.3262 28.0937 28.8596 29.6189 30.3653 31.0916 31.7896 32.4505 33.0647 33.6226 34.1145 34.5314 34.8651 35.1088 35.2571 35.3069 35.2571 35.1088 34.8651 34.5314 34.1145 33.6226 33.0647 32.4505 31.7896 31.0916 30.3653 29.6189 28.8596 28.0937 27.3262 26.5612 25.8017 25.0497 24.3063 23.5718 22.8457 22.1271 21.4145 20.7062 20 
20 20.886 21.7748 22.6693 23.5718 24.4844 25.4084 26.3446 27.2928 28.2517 29.219 30.1909 31.1626 32.1275 33.0778 34.0043 34.8964 35.7426 36.5305 37.2474 37.8806 38.418 38.8486 39.1633 39.3551 39.4195 39.3551 39.1633 38.8486 38.418 37.8806 37.2474 36.5305 35.7426 34.8964 34.0043 33.0778 32.1275 31.1626 30.1909 29.219 28.2517 27.2928 26.3446 25.4084 24.4844 23.5718 22.6693 21.7748 20.886 20 
20 21.0675 22.1388 23.2173 24.3063 25.4084 26.5256 27.6589 28.8084 29.9728 31.1495 32.3343 33.5211 34.7023 35.8683 37.0077 38.1075 39.1532 40.1291 41.019 41.8066 42.4763 43.0138 43.407 43.6468 43.7274 43.6468 43.407 43.0138 42.4763 41.8066 41.019 40.1291 39.1532 38.1075 37.0077 35.8683 34.7023 33.5211 32.3343 31.1495 29.9728 28.8084 27.6589 26.5256 25.4084 24.3063 23.2173 22.1388 21.0675 20 
20 21.251 22.5067 23.7716 25.0497 26.3446 27.6589 28.9942 30.351 31.728 33.1225 34.5298 35.9431 37.3534 38.7495 40.1176 41.4419 42.7048 43.8867 44.9674 45.9263 46.7434 47.4005 47.882 48.1759 48.2748 48.1759 47.882 47.4005 46.7434 45.9263 44.9674 43.8867 42.7048 41.4419 40.1176 38.7495 37.3534 35.9431 34.5298 33.1225 31.728 30.351 28.9942 27.6589 26.3446 25.0497 23.7716 22.5067 21.251 20 
20 21.4362 22.8783 24.3317 25.8017 27.2928 28.8084 30.351 31.9214 33.5188 35.1406 36.7816 38.4345 40.089 41.7321 43.3477 44.917 46.4187 47.8289 49.1227 50.2741 51.2581 52.0513 52.6336 52.9895 53.1092 52.9895 52.6336 52.0513 51.2581 50.2741 49.1227 47.8289 46.4187 44.917 43.3477 41.7321 40.089 38.4345 36.7816 35.1406 33.5188 31.9214 30.351 28.8084 27.2928 25.8017 24.3317 22.8783 21.4362 20 
20 21.6229 23.2528 24.8968 26.5612 28.2517 29.9728 31.728 33.5188 35.3451 37.2045 39.0917 40.9989 42.9147 44.8245 46.7097 48.5484 50.315 51.9809 53.5153 54.886 56.0613 57.0115 57.7106 58.1387 58.2828 58.1387 57.7106 57.0115 56.0613 54.886 53.5153 51.9809 50.315 48.5484 46.7097 44.8245 42.9147 40.9989 39.0917 37.2045 35.3451 33.5188 31.728 29.9728 28.2517 26.5612 24.8968 23.2528 21.6229 20 
20 21.8104 23.6294 25.4654 27.3262 29.219 31.1495 33.1225 35.1406 37.2045 39.3123 41.4591 43.6368 45.8332 48.032 50.2126 52.3493 54.4121 56.3668 58.1756 59.7988 61.1964 62.3304 63.1671 63.6804 63.8534 63.6804 63.1671 62.3304 61.1964 59.7988 58.1756 56.3668 54.4121 52.3493 50.2126 48.032 45.8332 43.6368 41.4591 39.3123 37.2045 35.1406 33.1225 31.1495 29.219 27.3262 25.4654 23.6294 21.8104 20 
20 21.998 24.0063 26.0351 28.0937 30.1909 32.3343 34.5298 36.7816 39.0917 41.4591 43.8796 46.3451 48.8431 51.3562 53.8612 56.3293 58.7254 61.0087 63.1337 65.0511 66.7102 68.0621 69.0633 69.6791 69.8869 69.6791 69.0633 68.0621 66.7102 65.0511 63.1337 61.0087 58.7254 56.3293 53.8612 51.3562 48.8431 46.3451 43.8796 41.4591 39.0917 36.7816 34.5298 32.3343 30.1909 28.0937 26.0351 24.0063 21.998 20 
20 22.1847 24.3817 26.6029 28.8596 31.1626 33.5211 35.9431 38.4345 40.9989 43.6368 46.3451 49.1166 51.9388 54.7936 57.6559 60.4936 63.2664 65.9266 68.4189 70.6823 72.6528 74.2673 75.4682 76.209 76.4595 76.209 75.4682 74.2673 72.6528 70.6823 68.4189 65.9266 63.2664 60.4936 57.6559 54.7936 51.9388 49.1166 46.3451 43.6368 40.9989 38.4345 35.9431 33.5211 31.1626 28.8596 26.6029 24.3817 22.1847 20 
20 22.3693 24.7529 27.165 29.6189 32.1275 34.7023 37.3534 40.089 42.9147 45.8332 48.8431 51.9388 55.1087 58.3346 61.5905 64.8412 68.0416 71.136 74.0581 76.7329 79.0791 81.0143 82.4617 83.3583 83.662 83.3583 82.4617 81.0143 79.0791 76.7329 74.0581 71.136 68.0416 64.8412 61.5905 58.3346 55.1087 51.9388 48.8431 45.8332 42.9147 40.089 37.3534 34.7023 32.1275 29.6189 27.165 24.7529 22.3693 20 
20 22.5502 25.117 27.7167 30.3653 33.0778 35.8683 38.7495 41.7321 44.8245 48.032 51.3562 54.7936 58.3346 61.9625 65.6509 69.3631 73.0494 76.6461 80.0748 83.2433 86.0483 88.3814 90.1389 91.233 91.6047 91.233 90.1389 88.3814 86.0483 83.2433 80.0748 76.6461 73.0494 69.3631 65.6509 61.9625 58.3346 54.7936 51.3562 48.032 44.8245 41.7321 38.7495 35.8683 33.0778 30.3653 27.7167 25.117 22.5502 20 
20 22.7257 25.4704 28.2529 31.0916 34.0043 37.0077 40.1176 43.3477 46.7097 50.2126 53.8612 57.6559 61.5905 65.6509 69.8129 74.0392 78.2774 82.4567 86.4856 90.2519 93.6242 96.4593 98.6145 99.9653 100.426 99.9653 98.6145 96.4593 93.6242 90.2519 86.4856 82.4567 78.2774 74.0392 69.8129 65.6509 61.5905 57.6559 53.8612 50.2126 46.7097 43.3477 40.1176 37.0077 34.0043 31.0916 28.2529 25.4704 22.7257 20 
20 22.8938 25.8092 28.7674 31.7896 34.8964 38.1075 41.4419 44.917 48.5484 52.3493 56.3293 60.4936 64.8412 69.3631 74.0392 78.8352 83.6984 88.5529 93.2953 97.7908 101.874 105.353 108.031 109.724 110.304 109.724 108.031 105.353 101.874 97.7908 93.2953 88.5529 83.6984 78.8352 74.0392 69.3631 64.8412 60.4936 56.3293 52.3493 48.5484 44.917 41.4419 38.1075 34.8964 31.7896 28.7674 25.8092 22.8938 20 
20 23.0525 26.1291 29.2538 32.4505 35.7426 39.1532 42.7048 46.4187 50.315 54.4121 58.7254 63.2664 68.0416 73.0494 78.2774 83.6984 89.264 94.8984 100.489 105.879 110.863 115.186 118.565 120.729 121.476 120.729 118.565 115.186 110.863 105.879 100.489 94.8984 89.264 83.6984 78.2774 73.0494 68.0416 63.2664 58.7254 54.4121 50.315 46.4187 42.7048 39.1532 35.7426 32.4505 29.2538 26.1291 23.0525 20 
20 23.1996 26.4258 29.7053 33.0647 36.5305 40.1291 43.8867 47.8289 51.9809 56.3668 61.0087 65.9266 71.136 76.6461 82.4567 88.5529 94.8984 101.425 108.02 114.511 120.647 126.095 130.448 133.284 134.271 133.284 130.448 126.095 120.647 114.511 108.02 101.425 94.8984 88.5529 82.4567 76.6461 71.136 65.9266 61.0087 56.3668 51.9809 47.8289 43.8867 40.1291 36.5305 33.0647 29.7053 26.4258 23.1996 20 
20 23.3328 26.6946 30.1148 33.6226 37.2474 41.019 44.9674 49.1227 53.5153 58.1756 63.1337 68.4189 74.0581 80.0748 86.4856 93.2953 100.489 108.02 115.792 123.631 131.253 138.228 143.974 147.814 149.165 147.814 143.974 138.228 131.253 123.631 115.792 108.02 100.489 93.2953 86.4856 80.0748 74.0581 68.4189 63.1337 58.1756 53.5153 49.1227 44.9674 41.019 37.2474 33.6226 30.1148 26.6946 23.3328 20 
20 23.4499 26.9312 30.4755 34.1145 37.8806 41.8066 45.9263 50.2741 54.886 59.7988 65.0511 70.6823 76.7329 83.2433 90.2519 97.7908 105.879 114.511 123.631 133.1 142.631 151.713 159.525 164.949 166.88 164.949 159.525 151.713 142.631 133.1 123.631 114.511 105.879 97.7908 90.2519 83.2433 76.7329 70.6823 65.0511 59.7988 54.886 50.2741 45.9263 41.8066 37.8806 34.1145 30.4755 26.9312 23.4499 20 
20 23.549 27.1314 30.7808 34.5314 38.418 42.4763 46.7434 51.2581 56.0613 61.1964 66.7102 72.6528 79.0791 86.0483 93.6242 101.874 110.863 120.647 131.253 142.631 154.579 166.584 177.576 185.683 188.559 185.683 177.576 166.584 154.579 142.631 131.253 120.647 110.863 101.874 93.6242 86.0483 79.0791 72.6528 66.7102 61.1964 56.0613 51.2581 46.7434 42.4763 38.418 34.5314 30.7808 27.1314 23.549 20 
20 23.6281 27.2913 31.025 34.8651 38.8486 43.0138 47.4005 52.0513 57.0115 62.3304 68.0621 74.2673 81.0143 88.3814 96.4593 105.353 115.186 126.095 138.228 151.713 166.584 182.572 198.607 211.741 216.079 211.741 198.607 182.572 166.584 151.713 138.228 126.095 115.186 105.353 96.4593 88.3814 81.0143 74.2673 68.0621 62.3304 57.0115 52.0513 47.4005 43.0138 38.8486 34.8651 31.025 27.2913 23.6281 20 
20 23.6858 27.408 31.2031 35.1088 39.1633 43.407 47.882 52.6336 57.7106 63.1671 69.0633 75.4682 82.4617 90.1389 98.6145 108.031 118.565 130.448 143.974 159.525 177.576 198.607 222.621 246.665 252.343 246.665 222.621 198.607 177.576 159.525 143.974 130.448 118.565 108.031 98.6145 90.1389 82.4617 75.4682 69.0633 63.1671 57.7106 52.6336 47.882 43.407 39.1633 35.1088 31.2031 27.408 23.6858 20 
20 23.7209 27.4789 31.3116 35.2571 39.3551 43.6468 48.1759 52.9895 58.1387 63.6804 69.6791 76.209 83.3583 91.233 99.9653 109.724 120.729 133.284 147.814 164.949 185.683 211.741 246.665 300 300 300 246.665 211.741 185.683 164.949 147.814 133.284 120.729 109.724 99.9653 91.233 83.3583 76.209 69.6791 63.6804 58.1387 52.9895 48.1759 43.6468 39.3551 35.2571 31.3116 27.4789 23.7209 20 
20 23.7327 27.5027 31.348 35.3069 39.4195 43.7274 48.2748 53.1092 58.2828 63.8534 69.8869 76.4595 83.662 91.6047 100.426 110.304 121.476 134.271 149.165 166.88 188.559 216.079 252.343 300 300 300 252.343 216.079 188.559 166.88 149.165 134.271 121.476 110.304 100.426 91.6047 83.662 76.4595 69.8869 63.8534 58.2828 53.1092 48.2748 43.7274 39.4195 35.3069 31.348 27.5027 23.7327 20 
20 23.7209 27.4789 31.3116 35.2571 39.3551 43.6468 48.1759 52.9895 58.1387 63.6804 69.6791 76.209 83.3583 91.233 99.9653 109.724 120.729 133.284 147.814 164.949 185.683 211.741 246.665 300 300 300 246.665 211.741 185.683 164.949 147.814 133.284 120.729 109.724 99.9653 91.233 83.3583 76.209 69.6791 63.6804 58.1387 52.9895 48.1759 43.6468 39.3551 35.2571 31.3116 27.4789 23.7209 20 
20 23.6858 27.408 31.2031 35.1088 39.1633 43.407 47.882 52.6336 57.7106 63.1671 69.0633 75.4682 82.4617 90.1389 98.6145 108.031 118.565 130.448 143.974 159.525 177.576 198.607 222.621 246.665 252.343 246.665 222.621 198.607 177.576 159.525 143.974 130.448 118.565 108.031 98.6145 90.1389 82.4617 75.4682 69.0633 63.1671 57.7106 52.6336 47.882 43.407 39.1633 35.1088 31.2031 27.408 23.6858 20 
20 23.6281 27.2913 31.025 34.8651 38.8486 43.0138 47.4005 52.0513 57.0115 62.3304 68.0621 74.2673 81.0143 88.3814 96.4593 105.353 115.186 126.095 138.228 151.713 166.584 182.572 198.607 211.741 216.079 211.741 198.607 182.572 166.584 151.713 138.228 126.095 115.186 105.353 96.4593 88.3814 81.0143 74.2673 68.0621 62.3304 57.0115 52.0513 47.4005 43.0138 38.8486 34.8651 31.025 27.2913 23.6281 20 
20 23.549 27.1314 30.7808 34.5314 38.418 42.4763 46.7434 51.2581 56.0613 61.1964 66.7102 72.6528 79.0791 86.0483 93.6242 101.874 110.863 120.647 131.253 142.631 154.579 166.584 177.576 185.683 188.559 185.683 177.576 166.584 154.579 142.631 131.253 120.647 110.863 101.874 93.6242 86.0483 79.0791 72.6528 66.7102 61.1964 56.0613 51.2581 46.7434 42.4763 38.418 34.5314 30.7808 27.1314 23.549 20 
20 23.4499 26.9312 30.4755 34.1145 37.8806 41.8066 45.9263 50.2741 54.886 59.7988 65.0511 70.6823 76.7329 83.2433 90.2519 97.7908 105.879 114.511 123.631 133.1 142.631 151.713 159.525 164.949 166.88 164.949 159.525 151.713 142.631 133.1 123.631 114.511 105.879 97.7908 90.2519 83.2433 76.7329 70.6823 65.0511 59.7988 54.886 50.2741 45.9263 41.8066 37.8806 34.1145 30.4755 26.9312 23.4499 20 
20 23.3328 26.6946 30.1148 33.6226 37.2474 41.019 44.9674 49.1227 53.5153 58.1756 63.1337 68.4189 74.0581 80.0748 86.4856 93.2953 100.489 108.02 115.792 123.631 131.253 138.228 143.974 147.814 149.165 147.814 143.974 138.228 131.253 123.631 115.792 108.02 100.489 93.2953 86.4856 80.0748 74.0581 68.4189 63.1337 58.1756 53.5153 49.1227 44.9674 41.019 37.2474 33.6226 30.1148 26.6946 23.3328 20 
20 23.1996 26.4258 29.7053 33.0647 36.5305 40.1291 43.8867 47.8289 51.9809 56.3668 61.0087 65.9266 71.136 76.6461 82.4567 88.5529 94.8984 101.425 108.02 114.511 120.647 126.095 130.448 133.284 134.271 133.284 130.448 126.095 120.647 114.511 108.02 101.425 94.8984 88.5529 82.4567 76.6461 71.136 65.9266 61.0087 56.3668 51.9809 47.8289 43.8867 40.1291 36.5305 33.0647 29.7053 26.4258 23.1996 20 
20 23.0525 26.1291 29.2538 32.4505 35.7426 39.1532 42.7048 46.4187 50.315 54.4121 58.7254 63.2664 68.0416 73.0494 78.2774 83.6984 89.264 94.8984 100.489 105.879 110.863 115.186 118.565 120.729 121.476 120.729 118.565 115.186 110.863 105.879 100.489 94.8984 89.264 83.6984 78.2774 73.0494 68.0416 63.2664 58.7254 54.4121 50.315 46.4187 42.7048 39.1532 35.7426 32.4505 29.2538 26.1291 23.0525 20 
20 22.8938 25.8092 28.7674 31.7896 34.8964 38.1075 41.4419 44.917 48.5484 52.3493 56.3293 60.4936 64.8412 69.3631 74.0392 78.8352 83.6984 88.5529 93.2953 97.7908 101.874 105.353 108.031 109.724 110.304 109.724 108.031 105.353 101.874 97.7908 93.2953 88.5529 83.6984 78.8352 74.0392 69.3631 64.8412 60.4936 56.3293 52.3493 48.5484 44.917 41.4419 38.1075 34.8964 31.7896 28.7674 25.8092 22.8938 20 
20 22.7257 25.4704 28.2529 31.0916 34.0043 37.0077 40.1176 43.3477 46.7097 50.2126 53.8612 57.6559 61.5905 65.6509 69.8129 74.0392 78.2774 82.4567 86.4856 90.2519 93.6242 96.4593 98.6145 99.9653 100.426 99.9653 98.6145 96.4593 93.6242 90.2519 86.4856 82.4567 78.2774 74.0392 69.8129 65.6509 61.5905 57.6559 53.8612 50.2126 46.7097 43.3477 40.1176 37.0077 34.0043 31.0916 28.2529 25.4704 22.7257 20 
20 22.5502 25.117 27.7167 30.3653 33.0778 35.8683 38.7495 41.7321 44.8245 48.032 51.3562 54.7936 58.3346 61.9625 65.6509 69.3631 73.0494 76.6461 80.0748 83.2433 86.0483 88.3814 90.1389 91.233 91.6047 91.233 90.1389 88.3814 86.0483 83.2433 80.0748 76.6461 73.0494 69.3631 65.6509 61.9625 58.3346 54.7936 51.3562 48.032 44.8245 41.7321 38.7495 35.8683 33.0778 30.3653 27.7167 25.117 22.5502 20 
20 22.3693 24.7529 27.165 29.6189 32.1275 34.7023 37.3534 40.089 42.9147 45.8332 48.8431 51.9388 55.1087 58.3346 61.5905 64.8412 68.0416 71.136 74.0581 76.7329 79.0791 81.0143 82.4617 83.3583 83.662 83.3583 82.4617 81.0143 79.0791 76.7329 74.0581 71.136 68.0416 64.8412 61.5905 58.3346 55.1087 51.9388 48.8431 45.8332 42.9147 40.089 37.3534 34.7023 32.1275 29.6189 27.165 24.7529 22.3693 20 
20 22.1847 24.3817 26.6029 28.8596 31.1626 33.5211 35.9431 38.4345 40.9989 43.6368 46.3451 49.1166 51.9388 54.7936 57.6559 60.4936 63.2664 65.9266 68.4189 70.6823 72.6528 74.2673 75.4682 76.209 76.4595 76.209 75.4682 74.2673 72.6528 70.6823 68.4189 65.9266 63.2664 60.4936 57.6559 54.7936 51.9388 49.1166 46.3451 43.6368 40.9989 38.4345 35.9431 33.5211 31.1626 28.8596 26.6029 24.3817 22.1847 20 
20 21.998 24.0063 26.0351 28.0937 30.1909 32.3343 34.5298 36.7816 39.0917 41.4591 43.8796 46.3451 48.8431 51.3562 53.8612 56.3293 58.7254 61.0087 63.1337 65.0511 66.7102 68.0621 69.0633 69.6791 69.8869 69.6791 69.0633 68.0621 66.7102 65.0511 63.1337 61.0087 58.7254 56.3293 53.8612 51.3562 48.8431 46.3451 43.8796 41.4591 39.0917 36.7816 34.5298 32.3343 30.1909 28.0937 26.0351 24.0063 21.998 20 
20 21.8104 23.6294 25.4654 27.3262 29.219 31.1495 33.1225 35.1406 37.2045 39.3123 41.4591 43.6368 45.8332 48.032 50.2126 52.3493 54.4121 56.3668 58.1756 59.7988 61.1964 62.3304 63.1671 63.6804 63.8534 63.6804 63.1671 62.3304 61.1964 59.7988 58.1756 56.3668 54.4121 52.3493 50.2126 48.032 45.8332 43.6368 41.4591 39.3123 37.2045 35.1406 33.1225 31.1495 29.219 27.3262 25.4654 23.6294 21.8104 20 
20 21.6229 23.2528 24.8968 26.5612 28.2517 29.9728 31.728 33.5188 35.3451 37.2045 39.0917 40.9989 42.9147 44.8245 46.7097 48.5484 50.315 51.9809 53.5153 54.886 56.0613 57.0115 57.7106 58.1387 58.2828 58.1387 57.7106 57.0115 56.0613 54.886 53.5153 51.9809 50.315 48.5484 46.7097 44.8245 42.9147 40.9989 39.0917 37.2045 35.3451 33.5188 31.728 29.9728 28.2517 26.5612 24.8968 23.2528 21.6229 20 
20 21.4362 22.8783 24.3317 25.8017 27.2928 28.8084 30.351 31.9214 33.5188 35.1406 36.7816 38.4345 40.089 41.7321 43.3477 44.917 46.4187 47.8289 49.1227 50.2741 51.2581 52.0513 52.6336 52.9895 53.1092 52.9895 52.6336 52.0513 51.2581 50.2741 49.1227 47.8289 46.4187 44.917 43.3477 41.7321 40.089 38.4345 36.7816 35.1406 33.5188 31.9214 30.351 28.8084 27.2928 25.8017 24.3317 22.8783 21.4362 20 
20 21.251 22.5067 23.7716 25.0497 26.3446 27.6589 28.9942 30.351 31.728 33.1225 34.5298 35.9431 37.3534 38.7495 40.1176 41.4419 42.7048 43.8867 44.9674 45.9263 46.7434 47.4005 47.882 48.1759 48.2748 48.1759 47.882 47.4005 46.7434 45.9263 44.9674 43.8867 42.7048 41.4419 40.1176 38.7495 37.3534 35.9431 34.5298 33.1225 31.728 30.351 28.9942 27.6589 26.3446 25.0497 23.7716 22.5067 21.251 20 
20 21.0675 22.1388 23.2173 24.3063 25.4084 26.5256 27.6589 28.8084 29.9728 31.1495 32.3343 33.5211 34.7023 35.8683 37.0077 38.1075 39.1532 40.1291 41.019 41.8066 42.4763 43.0138 43.407 43.6468 43.7274 43.6468 43.407 43.0138 42.4763 41.8066 41.019 40.1291 39.1532 38.1075 37.0077 35.8683 34.7023 33.5211 32.3343 31.1495 29.9728 28.8084 27.6589 26.5256 25.4084 24.3063 23.2173 22.1388 21.0675 20 
20 20.886 21.7748 22.6693 23.5718 24.4844 25.4084 26.3446 27.2928 28.2517 29.219 30.1909 31.1626 32.1275 33.0778 34.0043 34.8964 35.7426 36.5305 37.2474 37.8806 38.418 38.8486 39.1633 39.3551 39.4195 39.3551 39.1633 38.8486 38.418 37.8806 37.2474 36.5305 35.7426 34.8964 34.0043 33.0778 32.1275 31.1626 30.1909 29.219 28.2517 27.2928 26.3446 25.4084 24.4844 23.5718 22.6693 21.7748 20.886 20 
20 20.7062 21.4145 22.1271 22.8457 23.5718 24.3063 25.0497 25.8017 26.5612 27.3262 28.0937 28.8596 29.6189 30.3653 31.0916 31.7896 32.4505 33.0647 33.6226 34.1145 34.5314 34.8651 35.1088 35.2571 35.3069 35.2571 35.1088 34.8651 34.5314 34.1145 33.6226 33.0647 32.4505 31.7896 31.0916 30.3653 29.6189 28.8596 28.0937 27.3262 26.5612 25.8017 25.0497 24.3063 23.5718 22.8457 22.1271 21.4145 20.7062 20 
20 20.5281 21.0577 21.5902 22.1271 22.6693 23.2173 23.7716 24.3317 24.8968 25.4654 26.0351 26.6029 27.165 27.7167 28.2529 28.7674 29.2538 29.7053 30.1148 30.4755 30.7808 31.025 31.2031 31.3116 31.348 31.3116 31.2031 31.025 30.7808 30.4755 30.1148 29.7053 29.2538 28.7674 28.2529 27.7167 27.165 26.6029 26.0351 25.4654 24.8968 24.3317 23.7716 23.2173 22.6693 22.1271 21.5902 21.0577 20.5281 20 
20 20.3513 20.7035 21.0577 21.4145 21.7748 22.1388 22.5067 22.8783 23.2528 23.6294 24.0063 24.3817 24.7529 25.117 25.4704 25.8092 26.1291 26.4258 26.6946 26.9312 27.1314 27.2913 27.408 27.4789 27.5027 27.4789 27.408 27.2913 27.1314 26.9312 26.6946 26.4258 26.1291 25.8092 25.4704 25.117 24.7529 24.3817 24.0063 23.6294 23.2528 22.8783 22.5067 22.1388 21.7748 21.4145 21.0577 20.7035 20.3513 20 
20 20.1754 20.3513 20.5281 20.7062 20.886 21.0675 21.251 21.4362 21.6229 21.8104 21.998 22.1847 22.3693 22.5502 22.7257 22.8938 23.0525 23.1996 23.3328 23.4499 23.549 23.6281 23.6858 23.7209 23.7327 23.7209 23.6858 23.6281 23.549 23.4499 23.3328 23.1996 23.0525 22.8938 22.7257 22.5502 22.3693 22.1847 21.998 21.8104 21.6229 21.4362 21.251 21.0675 20.886 20.7062 20.5281 20.3513 20.1754 20 
20 20 20 20 20 20 20 20 20 20 20 20 20 20 20 20 20 20 20 20 20 20 20 20 20 20 20 20 20 20 20 20 20 20 20 20 20 20 20 20 20 20 20 20 20 20 20 20 20 20 20 
